0 0 0 0
0 0 6 1
0 0 81 1
0 0 90 0
0 0 92 0
0 0 94 1
0 1 0 0
0 1 1 0
0 1 28 0
0 1 30 0
0 1 32 0
0 1 34 0
0 1 36 0
0 1 38 0
0 1 64 1
0 1 75 0
0 1 77 0
0 1 85 0
0 2 0 0
0 2 1 0
0 2 15 1
0 2 29 1
0 2 44 0
0 2 80 1
0 2 90 0
0 2 91 0
0 2 92 0
0 2 93 0
0 2 94 0
0 3 29 1
0 3 30 0
0 3 32 0
0 3 34 0
0 3 36 0
0 3 38 0
0 3 40 0
0 3 43 1
0 3 58 0
0 3 84 0
0 3 91 0
0 3 92 1
0 3 93 1
0 3 94 1
0 3 95 1
0 4 0 0
0 4 36 0
0 4 37 0
0 5 0 0
0 5 30 0
0 5 32 0
0 5 34 0
0 5 36 0
0 5 38 0
0 5 40 0
0 5 49 1
0 5 72 1
0 5 79 0
0 5 87 1
0 5 88 0
0 6 0 0
0 6 17 1
0 6 61 0
0 6 66 0
0 6 92 0
0 7 0 0
0 7 1 1
0 7 30 0
0 7 32 0
0 7 34 0
0 7 36 0
0 7 38 0
0 7 55 1
0 7 58 1
0 7 63 0
0 8 0 0
0 8 1 0
0 8 2 0
0 8 3 0
0 8 5 0
0 8 42 1
0 8 58 1
0 8 60 1
0 8 84 0
0 9 0 0
0 9 24 1
0 9 32 0
0 9 34 0
0 9 34 1
0 9 36 0
0 9 38 0
0 9 40 0
0 9 49 1
0 9 72 1
0 10 0 0
0 10 15 1
0 10 19 1
0 10 90 0
0 10 92 0
0 10 94 0
0 11 0 0
0 11 24 0
0 11 28 0
0 11 30 0
0 11 32 0
0 11 34 0
0 11 36 0
0 11 38 0
0 11 40 0
0 11 56 0
0 11 67 1
0 11 86 0
0 11 92 0
1 0 0 1
1 0 1 0
1 0 2 0
1 0 3 0
1 0 4 0
1 0 19 0
1 0 24 1
1 0 30 0
1 0 32 0
1 0 34 0
1 0 36 0
1 0 37 1
1 0 38 0
1 0 40 0
1 0 55 0
1 0 56 1
1 0 60 1
1 0 65 0
1 0 67 0
1 0 81 0
1 0 82 0
1 0 83 0
1 0 84 0
1 0 85 0
1 0 92 0
1 0 93 0
1 0 94 0
1 0 95 0
1 1 0 0
1 1 24 0
1 1 25 0
1 1 26 0
1 1 27 0
1 1 28 0
1 1 39 1
1 1 44 1
1 1 51 1
1 1 72 0
1 1 73 0
1 1 74 0
1 1 75 0
1 1 86 0
1 1 90 0
1 1 92 0
1 1 94 0
1 2 0 0
1 2 0 1
1 2 1 0
1 2 2 0
1 2 3 0
1 2 4 0
1 2 5 0
1 2 6 0
1 2 6 1
1 2 7 0
1 2 8 0
1 2 9 0
1 2 10 0
1 2 10 1
1 2 11 0
1 2 12 0
1 2 13 0
1 2 14 0
1 2 14 1
1 2 15 0
1 2 16 0
1 2 16 1
1 2 17 0
1 2 17 1
1 2 18 0
1 2 19 0
1 2 20 0
1 2 20 1
1 2 21 0
1 2 22 0
1 2 23 0
1 2 23 1
1 2 24 0
1 2 25 0
1 2 26 0
1 2 27 0
1 2 28 0
1 2 29 0
1 2 30 0
1 2 31 0
1 2 32 0
1 2 33 0
1 2 34 0
1 2 35 0
1 2 36 0
1 2 37 0
1 2 38 0
1 2 38 1
1 2 39 0
1 2 39 1
1 2 40 0
1 2 41 0
1 2 42 0
1 2 43 0
1 2 44 0
1 2 45 0
1 2 46 0
1 2 47 0
1 2 48 0
1 2 48 1
1 2 49 0
1 2 50 0
1 2 51 0
1 2 52 0
1 2 53 0
1 2 54 0
1 2 55 0
1 2 56 0
1 2 57 0
1 2 58 0
1 2 59 0
1 2 60 0
1 2 61 0
1 2 62 0
1 2 63 0
1 2 64 0
1 2 65 0
1 2 66 0
1 2 67 0
1 2 68 0
1 2 69 0
1 2 70 0
1 2 71 0
1 2 72 0
1 2 73 0
1 2 74 0
1 2 75 0
1 2 76 0
1 2 77 0
1 2 78 0
1 2 79 0
1 2 80 0
1 2 81 0
1 2 82 0
1 2 83 0
1 2 84 0
1 2 85 0
1 2 86 0
1 2 87 0
1 2 88 0
1 2 89 0
1 2 90 0
1 2 91 0
1 2 92 0
1 2 93 0
1 2 94 0
1 2 95 0
1 3 0 0
1 3 1 0
1 3 2 0
1 3 3 0
1 3 4 0
1 3 5 0
1 3 7 0
1 3 11 0
1 3 14 0
1 3 19 0
1 3 21 1
1 3 36 0
1 3 54 0
1 3 56 0
1 3 62 0
1 3 63 1
1 3 68 0
1 3 69 0
1 3 70 0
1 3 71 0
1 3 72 0
1 3 73 0
1 3 74 0
1 3 75 0
1 3 76 0
1 3 77 0
1 3 78 0
1 3 79 0
1 3 80 0
1 3 81 0
1 3 82 0
1 3 84 0
1 3 85 0
1 3 86 0
1 3 87 0
1 3 88 0
1 3 88 1
1 3 89 0
1 3 90 0
1 3 91 0
1 3 92 0
1 3 93 0
1 3 94 0
1 3 95 0
1 4 0 0
1 4 1 0
1 4 2 0
1 4 4 0
1 4 5 1
1 4 7 0
1 4 8 0
1 4 9 0
1 4 20 1
1 4 30 0
1 4 32 0
1 4 34 0
1 4 35 0
1 4 36 0
1 4 37 0
1 4 38 0
1 4 39 0
1 4 40 0
1 4 42 0
1 4 44 0
1 4 45 0
1 4 49 0
1 4 51 0
1 4 53 0
1 4 55 0
1 4 56 1
1 4 57 0
1 4 59 0
1 4 61 1
1 4 63 1
1 4 65 0
1 4 66 0
1 4 67 0
1 4 68 0
1 4 69 0
1 4 70 0
1 4 71 0
1 4 72 0
1 4 73 0
1 4 74 0
1 4 75 0
1 4 76 0
1 4 77 0
1 4 78 0
1 4 79 0
1 4 80 0
1 4 81 0
1 4 83 0
1 4 84 0
1 4 85 0
1 4 87 0
1 4 88 0
1 4 89 0
1 4 90 0
1 4 91 0
1 4 92 0
1 4 93 0
1 4 94 0
1 4 94 1
1 4 95 0
1 5 0 0
1 5 1 0
1 5 2 0
1 5 25 0
1 5 40 0
1 5 45 1
1 5 75 0
1 5 79 0
1 5 90 0
1 5 91 0
1 5 92 0
1 5 93 0
1 5 94 0
1 6 0 0
1 6 1 1
1 6 11 0
1 6 28 0
1 6 30 0
1 6 32 0
1 6 34 0
1 6 36 0
1 6 38 0
1 6 40 0
1 7 0 0
1 7 1 0
1 7 29 0
1 7 35 0
1 7 49 1
1 7 52 1
1 7 62 1
1 8 0 0
1 8 30 0
1 8 32 0
1 8 34 0
1 8 36 0
1 8 38 0
1 9 0 0
1 9 1 0
1 9 24 1
1 9 37 1
1 9 40 1
1 9 57 1
1 9 84 0
1 9 85 0
1 9 90 0
1 9 91 0
1 10 0 0
1 10 0 1
1 10 30 0
1 10 32 0
1 10 34 0
1 10 36 0
1 10 38 0
1 10 40 0
1 10 54 0
1 10 76 0
1 11 0 0
1 11 1 0
1 11 2 0
1 11 3 0
1 11 4 0
1 11 5 0
1 11 6 0
1 11 7 0
1 11 8 0
1 11 9 0
1 11 10 0
1 11 11 0
1 11 11 1
1 11 12 0
1 11 13 0
1 11 14 0
1 11 15 0
1 11 16 0
1 11 17 0
1 11 18 0
1 11 19 0
1 11 20 0
1 11 21 0
1 11 22 0
1 11 23 0
1 11 24 0
1 11 25 0
1 11 26 0
1 11 27 0
1 11 28 0
1 11 29 0
1 11 30 0
1 11 31 0
1 11 32 0
1 11 33 0
1 11 34 0
1 11 35 0
1 11 36 0
1 11 37 0
1 11 38 0
1 11 39 0
1 11 40 0
1 11 41 0
1 11 41 1
1 11 42 0
1 11 43 0
1 11 44 0
1 11 44 1
1 11 45 0
1 11 46 0
1 11 47 0
1 11 48 0
1 11 49 0
1 11 50 0
1 11 51 0
1 11 52 0
1 11 53 0
1 11 54 0
1 11 55 0
1 11 56 0
1 11 57 0
1 11 58 0
1 11 59 0
1 11 60 0
1 11 61 0
1 11 61 1
1 11 62 0
1 11 63 0
1 11 64 0
1 11 65 0
1 11 66 0
1 11 67 0
1 11 68 0
1 11 69 0
1 11 70 0
1 11 71 0
1 11 72 0
1 11 73 0
1 11 74 0
1 11 75 0
1 11 76 0
1 11 76 1
1 11 77 0
1 11 78 0
1 11 79 0
1 11 80 0
1 11 80 1
1 11 81 0
1 11 82 0
1 11 83 0
1 11 84 0
1 11 85 0
1 11 85 1
1 11 86 0
1 11 86 1
1 11 87 0
1 11 88 0
1 11 89 0
1 11 90 0
1 11 91 0
1 11 92 0
1 11 93 0
1 11 94 0
1 11 95 0
2 0 0 0
2 0 64 0
2 0 80 1
2 0 86 1
2 0 87 1
2 0 90 0
2 0 94 0
2 1 0 0
2 1 1 0
2 1 1 1
2 1 2 0
2 1 3 0
2 1 4 0
2 1 6 0
2 1 29 0
2 1 30 0
2 1 32 0
2 1 33 0
2 1 34 0
2 1 35 0
2 1 36 0
2 1 37 0
2 1 38 0
2 1 39 0
2 1 40 0
2 1 45 0
2 1 46 1
2 1 47 0
2 1 57 0
2 1 59 0
2 1 61 0
2 1 63 0
2 1 65 1
2 1 67 0
2 1 69 1
2 1 71 0
2 1 71 1
2 1 73 0
2 1 77 0
2 1 79 0
2 1 81 0
2 1 82 0
2 1 83 0
2 1 84 0
2 1 85 0
2 1 86 0
2 1 87 0
2 1 88 0
2 1 89 0
2 1 90 0
2 1 91 0
2 1 92 0
2 1 93 0
2 1 94 0
2 1 95 0
2 2 0 0
2 2 1 0
2 2 2 0
2 2 3 0
2 2 4 0
2 2 5 0
2 2 11 0
2 2 23 0
2 2 24 1
2 2 41 0
2 2 44 0
2 2 45 0
2 2 47 0
2 2 48 1
2 2 49 0
2 2 50 0
2 2 53 0
2 2 55 0
2 2 57 0
2 2 58 0
2 2 61 0
2 2 62 0
2 2 63 0
2 2 64 0
2 2 65 0
2 2 67 0
2 2 68 0
2 2 69 0
2 2 70 0
2 2 71 0
2 2 72 0
2 2 73 0
2 2 74 0
2 2 75 0
2 2 76 0
2 2 77 0
2 2 78 0
2 2 79 0
2 2 80 0
2 2 81 0
2 2 82 0
2 2 83 0
2 2 84 0
2 2 85 0
2 2 86 0
2 2 87 0
2 2 88 0
2 2 89 0
2 2 90 0
2 2 91 0
2 2 92 0
2 2 93 0
2 2 94 0
2 2 95 0
2 3 0 0
2 3 1 0
2 3 2 0
2 3 3 0
2 3 9 1
2 3 30 0
2 3 32 0
2 3 34 0
2 3 36 0
2 3 38 0
2 3 40 0
2 3 71 1
2 3 73 1
2 4 0 0
2 4 1 0
2 4 2 0
2 4 3 0
2 4 52 0
2 4 54 0
2 4 55 0
2 4 56 0
2 4 58 0
2 4 60 0
2 4 66 0
2 4 75 0
2 4 76 0
2 4 77 0
2 4 78 0
2 4 79 0
2 4 80 0
2 4 81 0
2 4 83 0
2 4 84 0
2 4 85 0
2 4 86 0
2 4 87 0
2 4 88 0
2 4 89 0
2 4 90 0
2 4 91 0
2 4 92 0
2 4 93 0
2 4 94 0
2 4 95 0
2 5 0 0
2 5 0 1
2 5 1 0
2 5 2 0
2 5 2 1
2 5 3 0
2 5 4 0
2 5 5 0
2 5 6 0
2 5 7 0
2 5 8 0
2 5 9 0
2 5 10 0
2 5 11 0
2 5 12 0
2 5 13 0
2 5 14 0
2 5 15 0
2 5 16 0
2 5 17 0
2 5 18 0
2 5 19 0
2 5 20 0
2 5 21 0
2 5 22 0
2 5 23 0
2 5 24 0
2 5 25 0
2 5 26 0
2 5 27 0
2 5 28 0
2 5 29 0
2 5 30 0
2 5 31 0
2 5 32 0
2 5 33 0
2 5 34 0
2 5 35 0
2 5 36 0
2 5 37 0
2 5 38 0
2 5 39 0
2 5 40 0
2 5 41 0
2 5 42 0
2 5 43 0
2 5 44 0
2 5 45 0
2 5 46 0
2 5 47 0
2 5 48 0
2 5 49 0
2 5 50 0
2 5 51 0
2 5 52 0
2 5 53 0
2 5 54 0
2 5 55 0
2 5 56 0
2 5 57 0
2 5 58 0
2 5 59 0
2 5 60 0
2 5 61 0
2 5 62 0
2 5 63 0
2 5 64 0
2 5 65 0
2 5 66 0
2 5 67 0
2 5 68 0
2 5 69 0
2 5 70 0
2 5 71 0
2 5 72 0
2 5 73 0
2 5 73 1
2 5 74 0
2 5 75 0
2 5 76 0
2 5 77 0
2 5 78 0
2 5 79 0
2 5 80 0
2 5 81 0
2 5 82 0
2 5 83 0
2 5 84 0
2 5 85 0
2 5 86 0
2 5 87 0
2 5 88 0
2 5 89 0
2 5 90 0
2 5 91 0
2 5 92 0
2 5 93 0
2 5 94 0
2 5 95 0
2 6 0 0
2 6 1 0
2 6 2 0
2 6 3 0
2 6 4 0
2 6 5 0
2 6 6 0
2 6 7 0
2 6 8 0
2 6 9 0
2 6 10 0
2 6 11 0
2 6 12 0
2 6 13 0
2 6 14 0
2 6 15 0
2 6 16 0
2 6 17 0
2 6 18 0
2 6 19 0
2 6 20 0
2 6 21 0
2 6 22 0
2 6 23 0
2 6 24 0
2 6 25 0
2 6 25 1
2 6 26 0
2 6 27 0
2 6 28 0
2 6 29 0
2 6 30 0
2 6 31 0
2 6 32 0
2 6 33 0
2 6 34 0
2 6 35 0
2 6 36 0
2 6 37 0
2 6 38 0
2 6 39 0
2 6 40 0
2 6 41 0
2 6 42 0
2 6 43 0
2 6 44 0
2 6 45 0
2 6 46 0
2 6 47 0
2 6 48 0
2 6 49 0
2 6 50 0
2 6 51 0
2 6 52 0
2 6 53 0
2 6 54 0
2 6 55 0
2 6 56 0
2 6 57 0
2 6 58 0
2 6 59 0
2 6 60 0
2 6 61 0
2 6 62 0
2 6 63 0
2 6 64 0
2 6 65 0
2 6 66 0
2 6 67 0
2 6 68 0
2 6 69 0
2 6 70 0
2 6 71 0
2 6 72 0
2 6 73 0
2 6 74 0
2 6 75 0
2 6 76 0
2 6 77 0
2 6 78 0
2 6 79 0
2 6 80 0
2 6 81 0
2 6 82 0
2 6 83 0
2 6 84 0
2 6 85 0
2 6 86 0
2 6 87 0
2 6 88 0
2 6 89 0
2 6 90 0
2 6 91 0
2 6 92 0
2 6 93 0
2 6 94 0
2 6 95 0
2 7 0 1
2 7 1 0
2 7 2 0
2 7 29 0
2 7 31 0
2 7 32 0
2 7 34 0
2 7 36 0
2 7 38 0
2 7 43 0
2 7 45 0
2 7 47 0
2 7 49 0
2 7 59 0
2 7 61 0
2 7 62 1
2 7 67 0
2 7 71 0
2 8 0 0
2 8 1 0
2 8 2 0
2 8 3 0
2 8 4 0
2 8 5 0
2 8 6 0
2 8 7 0
2 8 8 0
2 8 9 0
2 8 10 0
2 8 11 0
2 8 12 0
2 8 13 0
2 8 14 0
2 8 15 0
2 8 16 0
2 8 17 0
2 8 18 0
2 8 19 0
2 8 20 0
2 8 21 0
2 8 22 0
2 8 23 0
2 8 24 0
2 8 25 0
2 8 26 0
2 8 27 0
2 8 28 0
2 8 29 0
2 8 30 0
2 8 31 0
2 8 32 0
2 8 33 0
2 8 34 0
2 8 35 0
2 8 36 0
2 8 37 0
2 8 38 0
2 8 39 0
2 8 40 0
2 8 41 0
2 8 42 0
2 8 43 0
2 8 44 0
2 8 45 0
2 8 46 0
2 8 47 0
2 8 48 0
2 8 49 0
2 8 50 0
2 8 51 0
2 8 52 0
2 8 53 0
2 8 54 0
2 8 55 0
2 8 56 0
2 8 57 0
2 8 58 0
2 8 59 0
2 8 60 0
2 8 61 0
2 8 62 0
2 8 63 0
2 8 64 0
2 8 65 0
2 8 66 0
2 8 67 0
2 8 68 0
2 8 69 0
2 8 70 0
2 8 71 0
2 8 72 0
2 8 73 0
2 8 74 0
2 8 74 1
2 8 75 0
2 8 76 0
2 8 77 0
2 8 78 0
2 8 79 0
2 8 80 0
2 8 81 0
2 8 82 0
2 8 83 0
2 8 84 0
2 8 85 0
2 8 86 0
2 8 87 0
2 8 88 0
2 8 89 0
2 8 90 0
2 8 91 0
2 8 92 0
2 8 93 0
2 8 94 0
2 8 95 0
2 9 0 0
2 9 11 1
2 9 30 0
2 9 32 0
2 9 34 0
2 9 36 0
2 9 38 0
2 9 40 0
2 9 68 1
2 9 75 0
2 10 0 0
2 10 1 0
2 10 86 0
2 10 88 0
2 10 89 0
2 10 90 0
2 10 92 0
2 10 93 0
2 10 94 0
2 10 95 0
2 11 0 0
2 11 22 1
2 11 30 0
2 11 32 0
2 11 34 0
2 11 36 0
2 11 38 0
2 11 40 0
2 11 95 1
3 0 0 0
3 0 30 0
3 0 32 0
3 0 34 0
3 0 36 0
3 0 38 0
3 0 40 0
3 1 0 0
3 1 15 1
3 2 0 0
3 2 8 1
3 2 20 1
3 2 23 1
3 2 26 1
3 2 29 1
3 2 30 0
3 2 32 0
3 2 32 1
3 2 33 1
3 2 34 0
3 2 38 0
3 2 40 0
3 2 54 1
3 2 88 1
3 2 94 0
3 2 95 0
3 3 0 0
3 3 29 0
3 3 76 1
3 3 87 0
3 4 0 0
3 4 15 1
3 4 32 0
3 4 34 0
3 4 36 0
3 4 38 1
3 4 39 1
3 4 47 1
3 4 65 1
3 4 74 1
3 5 0 0
3 5 1 0
3 5 61 1
3 6 0 0
3 6 1 0
3 6 2 0
3 6 4 1
3 6 26 0
3 6 28 0
3 6 30 0
3 6 32 0
3 6 34 0
3 6 36 0
3 6 38 0
3 6 40 0
3 7 0 0
3 7 48 0
3 8 0 0
3 8 6 0
3 8 30 0
3 8 32 0
3 8 34 0
3 8 36 0
3 8 38 0
3 8 40 0
3 8 73 1
3 9 0 0
3 9 1 0
3 9 20 1
3 9 37 0
3 9 40 0
3 9 89 0
3 9 90 0
3 10 0 1
3 10 1 1
3 10 2 0
3 10 4 0
3 10 28 0
3 10 30 0
3 10 32 0
3 10 34 0
3 10 36 0
3 10 38 0
3 10 40 0
3 10 78 1
3 10 88 1
3 11 0 0
3 11 1 0
3 11 35 1
3 11 39 1
3 11 66 0
3 11 68 0
3 11 86 0
3 11 87 0
3 11 90 0
4 0 0 0
4 0 1 0
4 0 17 1
4 0 18 0
4 0 23 1
4 0 34 0
4 0 38 0
4 0 46 1
4 0 50 1
4 0 51 1
4 0 68 0
4 0 70 0
4 0 72 0
4 0 74 0
4 0 76 0
4 0 81 0
4 0 84 0
4 1 0 0
4 1 1 0
4 1 2 0
4 1 21 0
4 1 25 0
4 1 28 0
4 1 29 0
4 1 30 0
4 1 31 0
4 1 32 0
4 1 33 0
4 1 34 0
4 1 35 0
4 1 36 0
4 1 37 0
4 1 38 0
4 1 39 0
4 1 40 0
4 1 41 0
4 1 42 0
4 1 43 0
4 1 44 0
4 1 45 0
4 1 47 0
4 1 49 0
4 1 50 0
4 1 51 0
4 1 53 0
4 1 55 0
4 1 56 0
4 1 57 0
4 1 58 0
4 1 59 0
4 1 61 0
4 1 62 0
4 1 63 0
4 1 65 0
4 1 67 0
4 1 69 0
4 1 71 0
4 1 72 0
4 1 73 0
4 1 74 0
4 1 75 0
4 1 77 0
4 1 79 0
4 1 81 0
4 1 83 0
4 1 85 0
4 1 87 0
4 1 89 0
4 1 91 0
4 1 93 0
4 1 95 0
4 2 0 0
4 2 1 0
4 2 2 0
4 2 3 0
4 2 4 0
4 2 5 0
4 2 6 0
4 2 7 0
4 2 8 0
4 2 9 0
4 2 10 0
4 2 11 0
4 2 12 0
4 2 13 0
4 2 14 0
4 2 15 0
4 2 16 0
4 2 17 0
4 2 18 0
4 2 19 0
4 2 20 0
4 2 21 0
4 2 22 0
4 2 23 0
4 2 24 0
4 2 25 0
4 2 26 0
4 2 27 0
4 2 28 0
4 2 29 0
4 2 30 0
4 2 31 0
4 2 32 0
4 2 33 0
4 2 34 0
4 2 35 0
4 2 36 0
4 2 37 0
4 2 38 0
4 2 39 0
4 2 40 0
4 2 41 0
4 2 41 1
4 2 42 0
4 2 43 0
4 2 44 0
4 2 45 0
4 2 46 0
4 2 47 0
4 2 48 0
4 2 49 0
4 2 50 0
4 2 51 0
4 2 52 0
4 2 53 0
4 2 54 0
4 2 55 0
4 2 56 0
4 2 57 0
4 2 58 0
4 2 59 0
4 2 60 0
4 2 61 0
4 2 62 0
4 2 63 0
4 2 64 0
4 2 65 0
4 2 66 0
4 2 67 0
4 2 68 0
4 2 69 0
4 2 70 0
4 2 71 0
4 2 72 0
4 2 73 0
4 2 73 1
4 2 74 0
4 2 75 0
4 2 76 0
4 2 77 0
4 2 78 0
4 2 79 0
4 2 80 0
4 2 81 0
4 2 82 0
4 2 83 0
4 2 84 0
4 2 85 0
4 2 86 0
4 2 87 0
4 2 88 0
4 2 89 0
4 2 90 0
4 2 91 0
4 2 92 0
4 2 93 0
4 2 94 0
4 2 95 0
4 3 0 0
4 3 1 0
4 3 2 0
4 3 3 0
4 3 4 0
4 3 5 0
4 3 6 0
4 3 7 0
4 3 8 0
4 3 9 0
4 3 10 0
4 3 11 0
4 3 12 0
4 3 13 0
4 3 14 0
4 3 15 0
4 3 16 0
4 3 17 0
4 3 18 0
4 3 19 0
4 3 20 0
4 3 21 0
4 3 22 0
4 3 23 0
4 3 24 0
4 3 25 0
4 3 26 0
4 3 27 0
4 3 28 0
4 3 29 0
4 3 30 0
4 3 31 0
4 3 32 0
4 3 33 0
4 3 34 0
4 3 35 0
4 3 36 0
4 3 37 0
4 3 38 0
4 3 39 0
4 3 39 1
4 3 40 0
4 3 41 0
4 3 42 0
4 3 43 0
4 3 44 0
4 3 45 0
4 3 46 0
4 3 47 0
4 3 48 0
4 3 49 0
4 3 50 0
4 3 51 0
4 3 52 0
4 3 53 0
4 3 54 0
4 3 55 0
4 3 56 0
4 3 57 0
4 3 58 0
4 3 59 0
4 3 60 0
4 3 61 0
4 3 62 0
4 3 63 0
4 3 64 0
4 3 65 0
4 3 66 0
4 3 67 0
4 3 68 0
4 3 69 0
4 3 70 0
4 3 71 0
4 3 72 0
4 3 73 0
4 3 74 0
4 3 75 0
4 3 76 0
4 3 77 0
4 3 78 0
4 3 79 0
4 3 80 0
4 3 81 0
4 3 82 0
4 3 82 1
4 3 83 0
4 3 83 1
4 3 84 0
4 3 84 1
4 3 85 0
4 3 86 0
4 3 86 1
4 3 87 0
4 3 88 0
4 3 89 0
4 3 90 0
4 3 91 0
4 3 91 1
4 3 92 0
4 3 93 0
4 3 94 0
4 3 95 0
4 4 0 0
4 4 1 0
4 4 2 0
4 4 4 0
4 4 6 0
4 4 8 0
4 4 14 0
4 4 16 0
4 4 24 0
4 4 28 0
4 4 30 0
4 4 44 1
4 4 45 1
4 4 48 0
4 4 49 1
4 4 52 0
4 4 54 0
4 4 60 0
4 4 62 0
4 4 75 0
4 4 76 0
4 4 83 0
4 4 84 0
4 4 85 0
4 4 86 0
4 4 87 0
4 4 88 0
4 4 90 0
4 4 91 0
4 4 92 0
4 4 93 0
4 4 94 0
4 4 95 0
4 5 0 0
4 5 1 0
4 5 2 0
4 5 18 0
4 5 20 0
4 5 21 0
4 5 22 0
4 5 24 0
4 5 30 0
4 5 32 0
4 5 34 0
4 5 36 0
4 5 38 0
4 5 40 0
4 5 61 1
4 5 85 0
4 5 90 0
4 6 0 0
4 6 1 0
4 6 2 0
4 6 3 0
4 6 4 0
4 6 5 0
4 6 6 0
4 6 7 0
4 6 8 0
4 6 9 0
4 6 10 0
4 6 11 0
4 6 12 0
4 6 13 0
4 6 14 0
4 6 15 0
4 6 16 0
4 6 17 0
4 6 18 0
4 6 19 0
4 6 19 1
4 6 20 0
4 6 21 0
4 6 22 0
4 6 22 1
4 6 23 0
4 6 24 0
4 6 25 0
4 6 26 0
4 6 27 0
4 6 28 0
4 6 29 0
4 6 30 0
4 6 31 0
4 6 32 0
4 6 33 0
4 6 34 0
4 6 35 0
4 6 35 1
4 6 36 0
4 6 37 0
4 6 38 0
4 6 39 0
4 6 40 0
4 6 41 0
4 6 42 0
4 6 43 0
4 6 44 0
4 6 45 0
4 6 46 0
4 6 47 0
4 6 48 0
4 6 49 0
4 6 50 0
4 6 51 0
4 6 52 0
4 6 53 0
4 6 54 0
4 6 55 0
4 6 56 0
4 6 57 0
4 6 58 0
4 6 59 0
4 6 60 0
4 6 61 0
4 6 62 0
4 6 63 0
4 6 64 0
4 6 65 0
4 6 66 0
4 6 67 0
4 6 68 0
4 6 69 0
4 6 70 0
4 6 71 0
4 6 72 0
4 6 73 0
4 6 73 1
4 6 74 0
4 6 75 0
4 6 76 0
4 6 77 0
4 6 78 0
4 6 79 0
4 6 80 0
4 6 81 0
4 6 82 0
4 6 83 0
4 6 84 0
4 6 85 0
4 6 86 0
4 6 87 0
4 6 88 0
4 6 89 0
4 6 90 0
4 6 91 0
4 6 92 0
4 6 93 0
4 6 94 0
4 6 95 0
4 7 0 0
4 7 1 0
4 7 2 0
4 7 3 0
4 7 4 0
4 7 13 1
4 7 19 1
4 7 30 0
4 7 32 0
4 7 34 0
4 7 36 0
4 7 38 0
4 7 65 1
4 7 70 0
4 7 71 1
4 7 79 0
4 7 90 0
4 7 91 0
4 8 0 0
4 8 1 0
4 8 2 0
4 8 3 0
4 8 15 1
4 8 31 0
4 8 67 1
4 8 90 0
4 8 92 0
4 8 94 0
4 9 0 0
4 9 30 0
4 9 32 0
4 9 34 0
4 9 36 0
4 9 38 0
4 9 40 0
4 9 65 0
4 10 0 0
4 10 1 0
4 10 2 0
4 10 3 0
4 10 36 0
4 10 37 0
4 10 60 0
4 10 74 0
4 10 76 1
4 10 78 0
4 10 90 0
4 10 94 0
4 11 0 0
4 11 1 0
4 11 2 0
4 11 2 1
4 11 3 0
4 11 4 0
4 11 5 0
4 11 5 1
4 11 6 0
4 11 7 0
4 11 8 0
4 11 9 0
4 11 10 0
4 11 11 0
4 11 12 0
4 11 13 0
4 11 14 0
4 11 14 1
4 11 15 0
4 11 16 0
4 11 17 0
4 11 18 0
4 11 19 0
4 11 20 0
4 11 21 0
4 11 22 0
4 11 23 0
4 11 24 0
4 11 25 0
4 11 25 1
4 11 26 0
4 11 26 1
4 11 27 0
4 11 28 0
4 11 29 0
4 11 30 0
4 11 31 0
4 11 32 0
4 11 33 0
4 11 34 0
4 11 35 0
4 11 36 0
4 11 37 0
4 11 38 0
4 11 39 0
4 11 40 0
4 11 41 0
4 11 42 0
4 11 43 0
4 11 44 0
4 11 45 0
4 11 46 0
4 11 47 0
4 11 48 0
4 11 49 0
4 11 49 1
4 11 50 0
4 11 51 0
4 11 52 0
4 11 53 0
4 11 54 0
4 11 55 0
4 11 56 0
4 11 57 0
4 11 58 0
4 11 59 0
4 11 60 0
4 11 61 0
4 11 62 0
4 11 63 0
4 11 64 0
4 11 65 0
4 11 66 0
4 11 67 0
4 11 68 0
4 11 69 0
4 11 70 0
4 11 71 0
4 11 72 0
4 11 73 0
4 11 74 0
4 11 75 0
4 11 76 0
4 11 77 0
4 11 78 0
4 11 79 0
4 11 80 0
4 11 81 0
4 11 82 0
4 11 83 0
4 11 84 0
4 11 85 0
4 11 86 0
4 11 87 0
4 11 88 0
4 11 89 0
4 11 90 0
4 11 91 0
4 11 92 0
4 11 93 0
4 11 94 0
4 11 95 0
5 0 0 0
5 0 4 0
5 0 30 0
5 0 32 0
5 0 34 0
5 0 36 0
5 0 38 0
5 0 48 1
5 0 90 0
5 0 91 0
5 0 92 0
5 0 93 0
5 0 94 0
5 1 80 1
5 1 90 0
5 1 91 0
5 1 92 0
5 1 93 0
5 1 94 0
5 1 95 0
5 2 0 0
5 2 3 1
5 2 30 0
5 2 32 0
5 2 34 0
5 2 36 0
5 2 38 0
5 2 40 0
5 3 0 0
5 3 1 0
5 3 13 0
5 3 35 0
5 3 43 0
5 3 47 0
5 3 54 0
5 3 83 0
5 3 92 0
5 3 93 0
5 3 94 0
5 3 95 0
5 4 0 0
5 4 30 0
5 4 32 0
5 4 34 0
5 4 36 0
5 4 38 0
5 4 40 0
5 5 0 0
5 5 0 1
5 5 1 0
5 5 19 1
5 5 31 0
5 5 69 0
5 5 73 0
5 6 0 0
5 6 2 0
5 6 30 0
5 6 32 0
5 6 34 0
5 6 36 0
5 6 38 0
5 6 40 0
5 6 89 1
5 6 90 0
5 6 91 0
5 7 0 1
5 7 1 0
5 7 2 0
5 7 3 0
5 7 76 0
5 7 77 0
5 7 78 0
5 7 79 0
5 7 81 0
5 7 82 0
5 7 83 0
5 7 84 0
5 7 85 0
5 7 86 0
5 7 87 0
5 7 88 0
5 7 89 0
5 7 90 0
5 7 91 0
5 7 92 0
5 8 0 0
5 8 1 0
5 8 2 0
5 8 4 0
5 8 6 0
5 8 8 0
5 8 12 0
5 8 14 0
5 8 16 0
5 8 18 0
5 8 20 0
5 8 22 0
5 8 24 0
5 8 26 0
5 8 28 0
5 8 30 0
5 8 32 0
5 8 34 0
5 8 36 0
5 8 38 0
5 8 40 0
5 8 44 0
5 8 46 0
5 8 48 0
5 8 50 0
5 8 52 0
5 8 54 0
5 8 56 0
5 8 60 0
5 8 62 0
5 8 68 0
5 8 74 0
5 8 78 0
5 8 86 0
5 8 92 0
5 8 93 0
5 8 94 0
5 9 0 0
5 9 1 0
5 9 3 0
5 9 5 0
5 9 17 0
5 9 31 0
5 9 47 0
5 9 49 0
5 9 51 0
5 9 52 1
5 9 53 0
5 9 55 0
5 9 59 0
5 9 61 0
5 9 75 0
5 9 76 0
5 9 77 0
5 9 78 0
5 9 79 0
5 9 84 0
5 9 85 0
5 9 86 0
5 9 87 0
5 9 88 0
5 9 89 0
5 9 90 0
5 9 91 0
5 9 92 0
5 9 93 0
5 9 94 0
5 9 95 0
5 10 0 0
5 10 1 0
5 10 2 0
5 10 3 0
5 10 4 0
5 10 10 0
5 10 26 0
5 10 28 0
5 10 30 0
5 10 32 0
5 10 34 0
5 10 35 0
5 10 36 0
5 10 38 0
5 10 40 0
5 10 51 1
5 11 0 0
5 11 2 0
5 11 23 1
5 11 31 0
5 11 37 0
5 11 52 0
5 11 53 0
5 11 54 0
5 11 55 0
5 11 88 0
5 11 90 0
6 0 0 0
6 0 31 0
6 0 39 0
6 0 55 1
6 0 90 0
6 0 94 0
6 1 0 0
6 1 2 0
6 1 30 0
6 1 32 0
6 1 34 0
6 1 36 0
6 1 38 0
6 1 40 0
6 1 74 1
6 2 0 0
6 2 1 0
6 2 2 0
6 2 3 0
6 2 21 0
6 2 23 0
6 2 24 1
6 2 25 0
6 2 27 0
6 2 29 0
6 2 31 0
6 2 47 0
6 2 49 0
6 2 57 0
6 2 86 0
6 2 87 0
6 2 94 0
6 3 0 0
6 3 1 0
6 3 2 0
6 3 4 0
6 3 8 0
6 3 10 0
6 3 12 0
6 3 14 0
6 3 16 0
6 3 18 0
6 3 20 0
6 3 22 0
6 3 24 0
6 3 26 0
6 3 28 0
6 3 30 0
6 3 32 0
6 3 34 0
6 3 36 0
6 3 38 0
6 3 40 0
6 3 42 0
6 3 44 0
6 3 46 0
6 3 56 0
6 4 0 0
6 4 1 0
6 4 25 0
6 4 40 0
6 4 51 1
6 4 85 1
6 4 90 0
6 4 92 0
6 5 0 0
6 5 1 1
6 5 24 1
6 5 30 0
6 5 32 0
6 5 34 0
6 5 36 0
6 5 38 0
6 5 47 1
6 6 0 0
6 6 1 0
6 6 5 1
6 6 31 1
6 6 44 1
6 6 84 0
6 6 92 0
6 6 94 0
6 7 0 0
6 7 10 0
6 7 14 0
6 7 26 0
6 7 30 0
6 7 32 0
6 7 34 0
6 7 36 0
6 7 38 0
6 7 40 0
6 7 50 0
6 7 72 1
6 7 73 1
6 7 78 0
6 7 92 0
6 7 94 0
6 7 95 0
6 8 0 0
6 8 1 0
6 9 0 0
6 9 30 0
6 9 32 0
6 9 34 0
6 9 36 0
6 9 38 0
6 9 40 0
6 9 68 0
6 9 76 0
6 10 0 0
6 10 3 1
6 10 28 1
6 10 29 0
6 10 31 0
6 10 32 0
6 10 38 0
6 10 40 0
6 10 45 1
6 10 65 1
6 10 88 1
6 10 90 0
6 11 0 0
6 11 28 0
6 11 30 0
6 11 31 0
6 11 32 0
6 11 34 0
6 11 36 0
6 11 38 0
6 11 40 0
6 11 68 1
6 11 71 1
6 11 74 1
6 11 76 1
6 11 92 0
6 11 93 0
6 11 94 0
6 11 95 0
7 2 88 1
7 4 2 1
7 4 10 1
7 4 44 1
7 4 77 1
7 6 82 1
7 7 33 1
7 8 32 1
7 8 94 1
7 11 13 1
7 11 20 1
7 11 54 1
8 0 0 0
8 0 12 0
8 0 21 0
8 1 0 0
8 1 30 0
8 1 32 0
8 1 34 0
8 1 36 0
8 1 38 0
8 1 40 0
8 1 54 1
8 1 62 1
8 2 0 0
8 2 1 0
8 2 35 0
8 2 64 1
8 2 86 0
8 2 87 0
8 3 0 0
8 3 1 0
8 3 2 0
8 3 6 0
8 3 26 0
8 3 28 0
8 3 30 0
8 3 32 0
8 3 34 0
8 3 36 0
8 3 38 0
8 3 40 0
8 3 42 0
8 3 48 0
8 4 0 0
8 4 1 0
8 4 25 0
8 4 40 0
8 5 0 0
8 5 2 0
8 5 24 1
8 5 30 0
8 5 32 0
8 5 34 0
8 5 36 0
8 5 38 0
8 5 40 0
8 5 51 1
8 5 52 1
8 5 55 1
8 6 0 0
8 6 1 1
8 6 61 1
8 6 75 1
8 6 92 0
8 6 93 0
8 7 0 0
8 7 30 0
8 7 32 0
8 7 34 0
8 7 36 0
8 7 38 0
8 7 40 0
8 7 73 0
8 8 0 0
8 8 1 0
8 8 94 0
8 9 0 0
8 9 1 0
8 9 32 0
8 9 34 0
8 9 36 0
8 9 38 0
8 9 40 0
8 9 88 1
8 10 0 0
8 10 1 0
8 10 2 0
8 10 39 1
8 10 64 1
8 10 87 0
8 10 90 0
8 10 92 0
8 10 94 0
8 11 0 0
8 11 30 0
8 11 32 0
8 11 34 0
8 11 36 0
8 11 38 0
9 0 0 0
9 0 30 0
9 0 32 0
9 0 34 0
9 0 36 0
9 0 38 0
9 0 55 1
9 0 58 1
9 0 85 0
9 2 0 0
9 2 30 0
9 2 32 0
9 2 34 1
9 2 36 0
9 2 38 0
9 2 40 0
9 2 44 0
9 2 46 1
9 2 76 1
9 2 95 1
9 3 0 1
9 3 8 1
9 3 36 0
9 3 78 0
9 3 81 1
9 4 0 0
9 4 25 1
9 4 30 0
9 4 32 0
9 4 34 0
9 4 36 0
9 4 38 0
9 4 40 0
9 4 70 1
9 4 72 1
9 4 75 1
9 4 90 1
9 5 0 0
9 5 22 1
9 5 86 0
9 5 87 0
9 5 88 1
9 5 90 0
9 6 0 0
9 6 28 0
9 6 30 0
9 6 32 0
9 6 34 0
9 6 36 0
9 6 37 0
9 6 38 0
9 6 40 0
9 6 42 0
9 6 50 0
9 6 52 0
9 6 53 0
9 6 94 0
9 7 0 0
9 7 2 0
9 7 29 0
9 7 31 0
9 7 32 0
9 7 34 0
9 7 42 0
9 7 43 0
9 7 60 0
9 7 62 1
9 7 70 0
9 7 74 0
9 7 78 0
9 7 81 1
9 7 90 0
9 7 92 0
9 7 94 0
9 8 0 0
9 8 7 0
9 8 8 0
9 8 10 0
9 8 26 0
9 8 30 0
9 8 32 0
9 8 34 0
9 8 36 0
9 8 38 0
9 8 40 0
9 8 41 0
9 8 42 0
9 8 43 0
9 8 50 0
9 8 52 1
9 8 62 0
9 8 72 0
9 8 73 0
9 8 78 0
9 8 79 0
9 8 80 0
9 8 84 0
9 8 85 0
9 8 86 0
9 8 87 0
9 8 88 0
9 8 89 0
9 8 90 0
9 8 91 0
9 9 0 0
9 9 1 0
9 9 2 0
9 9 12 0
9 9 18 0
9 9 22 0
9 9 24 0
9 9 31 0
9 9 32 0
9 9 38 0
9 9 40 0
9 9 46 0
9 9 50 0
9 9 66 0
9 9 68 0
9 9 72 1
9 9 74 0
9 9 76 0
9 9 78 0
9 9 80 0
9 9 82 0
9 9 84 0
9 10 0 0
9 10 10 0
9 10 16 0
9 10 20 0
9 10 30 0
9 10 32 0
9 10 34 0
9 10 36 1
9 10 48 0
9 10 50 0
9 10 54 0
9 10 60 0
9 10 77 1
9 11 0 0
9 11 6 0
9 11 19 0
9 11 20 0
9 11 36 1
9 11 42 0
9 11 70 0
9 11 78 0
9 11 79 0
9 11 80 0
9 11 81 0
9 11 82 0
9 11 83 0
9 11 84 0
9 11 86 0
9 11 87 0
9 11 88 0
9 11 89 0
9 11 90 0
9 11 91 0
9 11 92 0
9 11 94 0
10 0 0 0
10 0 1 0
10 0 5 1
10 0 29 0
10 0 31 0
10 0 33 0
10 0 90 0
10 0 92 0
10 0 94 0
10 1 0 0
10 1 5 1
10 1 6 1
10 1 7 1
10 1 10 1
10 1 12 1
10 1 28 0
10 1 30 0
10 1 32 0
10 1 34 0
10 1 36 0
10 1 38 0
10 1 40 0
10 1 44 0
10 1 54 1
10 1 56 1
10 1 58 1
10 1 63 1
10 1 78 1
10 1 79 0
10 1 83 0
10 1 88 1
10 2 0 0
10 2 1 0
10 2 17 1
10 2 27 0
10 2 86 0
10 2 87 0
10 2 94 0
10 3 0 0
10 3 1 0
10 3 3 0
10 3 4 1
10 3 19 1
10 3 28 0
10 3 30 0
10 3 32 0
10 3 34 0
10 3 36 0
10 3 38 0
10 3 40 0
10 3 60 1
10 4 0 0
10 4 1 0
10 4 9 1
10 4 31 0
10 4 90 0
10 4 92 0
10 4 93 0
10 4 94 1
10 4 95 0
10 5 0 0
10 5 19 1
10 5 30 0
10 5 32 0
10 5 34 0
10 5 36 0
10 5 38 0
10 5 39 0
10 5 40 0
10 5 41 0
10 5 42 0
10 6 0 0
10 6 1 0
10 6 26 1
10 6 31 0
10 6 42 1
10 7 0 0
10 7 30 0
10 7 32 0
10 7 34 0
10 7 36 0
10 7 38 0
10 7 40 0
10 8 0 0
10 8 1 0
10 8 94 0
10 9 0 1
10 9 4 0
10 9 18 1
10 9 28 0
10 9 30 1
10 9 32 0
10 9 34 0
10 9 36 0
10 9 38 0
10 9 40 0
10 10 0 0
10 10 27 0
10 10 55 1
10 10 61 1
10 10 62 1
10 10 63 1
10 10 90 0
10 10 92 0
10 10 95 0
10 11 0 0
10 11 1 1
10 11 28 0
10 11 30 0
10 11 32 0
10 11 33 0
10 11 34 0
10 11 36 0
10 11 38 0
10 11 40 0
10 11 42 0
11 0 0 0
11 0 1 1
11 0 32 0
11 0 34 0
11 0 36 0
11 0 38 0
11 0 95 0
11 1 0 1
11 1 1 0
11 1 8 1
11 1 10 1
11 1 12 1
11 1 15 1
11 1 42 1
11 1 64 0
11 1 76 0
11 1 92 0
11 1 93 0
11 1 94 0
11 1 95 0
11 2 0 0
11 2 28 0
11 2 30 0
11 2 32 0
11 2 34 0
11 2 36 0
11 2 38 0
11 2 40 0
11 2 42 0
11 3 0 1
11 3 1 0
11 3 2 0
11 3 3 1
11 3 27 1
11 3 29 0
11 3 30 1
11 3 31 0
11 3 86 0
11 3 88 0
11 3 89 0
11 3 90 0
11 3 91 0
11 3 92 0
11 3 93 0
11 3 94 0
11 3 95 0
11 4 0 1
11 4 1 0
11 4 2 1
11 4 6 1
11 4 20 0
11 4 28 0
11 4 30 0
11 4 32 0
11 4 33 1
11 4 34 0
11 4 36 0
11 4 38 0
11 4 40 0
11 4 43 0
11 4 45 1
11 4 46 0
11 4 47 0
11 4 86 0
11 4 87 0
11 4 91 0
11 4 93 0
11 4 94 0
11 4 95 0
11 5 0 1
11 5 1 0
11 5 31 0
11 5 42 0
11 5 90 0
11 5 92 0
11 5 93 0
11 5 94 0
11 5 95 0
11 6 0 0
11 6 15 1
11 6 30 0
11 6 32 0
11 6 34 0
11 6 36 0
11 6 38 0
11 6 40 0
11 6 63 0
11 6 64 1
11 6 72 0
11 6 73 0
11 6 74 0
11 6 75 0
11 6 84 0
11 6 85 0
11 7 0 0
11 7 1 0
11 7 29 1
11 7 92 0
11 7 94 0
11 8 29 1
11 8 30 0
11 8 32 1
11 8 34 0
11 8 35 0
11 8 36 0
11 8 38 0
11 8 40 0
11 8 79 0
11 8 94 0
11 8 95 0
11 9 0 1
11 9 1 0
11 9 2 0
11 9 3 0
11 9 24 1
11 9 29 0
11 9 30 0
11 9 31 0
11 9 32 0
11 9 33 0
11 9 60 0
11 9 61 0
11 9 62 0
11 9 63 0
11 9 64 0
11 9 65 0
11 9 66 0
11 9 67 0
11 9 68 0
11 9 75 0
11 9 90 0
11 9 92 0
11 9 94 0
11 9 95 1
11 10 0 0
11 10 30 0
11 10 32 0
11 10 34 0
11 10 36 0
11 10 38 0
11 10 40 0
11 10 72 1
11 10 78 1
11 10 91 0
11 10 93 0
11 11 0 0
11 11 3 1
11 11 42 0
11 11 43 0
11 11 54 0
11 11 56 0
11 11 58 0
11 11 60 0
11 11 62 0
11 11 64 1
11 11 65 0
11 11 66 0
11 11 76 1
11 11 82 0
11 11 88 1
12 0 0 0
12 0 10 0
12 0 31 0
12 0 32 0
12 0 54 0
12 0 56 0
12 0 72 0
12 0 77 1
12 0 84 0
12 0 85 1
12 0 87 1
12 0 88 1
12 0 89 1
12 0 92 1
12 1 0 0
12 1 1 0
12 1 2 0
12 1 30 0
12 1 32 0
12 1 34 0
12 1 36 0
12 1 38 0
12 1 40 0
12 1 42 0
12 1 82 1
12 1 86 1
12 1 88 1
12 2 0 0
12 2 79 1
12 2 86 0
12 3 0 0
12 3 30 0
12 3 32 0
12 3 34 0
12 3 36 0
12 3 38 0
12 3 40 0
12 3 76 1
12 4 0 0
12 4 14 0
12 4 73 1
12 4 77 1
12 4 90 0
12 4 91 0
12 4 92 0
12 4 94 0
12 5 0 0
12 5 30 0
12 5 32 0
12 5 34 0
12 5 36 0
12 5 38 0
12 5 40 0
12 5 42 1
12 5 57 0
12 6 0 0
12 6 1 0
12 6 1 1
12 6 2 0
12 6 3 0
12 6 4 0
12 6 5 0
12 6 6 0
12 6 6 1
12 6 7 0
12 6 7 1
12 6 8 0
12 6 9 0
12 6 10 0
12 6 11 0
12 6 12 0
12 6 13 0
12 6 13 1
12 6 14 0
12 6 15 0
12 6 15 1
12 6 16 0
12 6 17 0
12 6 18 0
12 6 19 0
12 6 20 0
12 6 21 0
12 6 22 0
12 6 23 0
12 6 24 0
12 6 25 0
12 6 26 0
12 6 27 0
12 6 28 0
12 6 29 0
12 6 30 0
12 6 31 0
12 6 32 0
12 6 33 0
12 6 34 0
12 6 35 0
12 6 36 0
12 6 37 0
12 6 38 0
12 6 39 0
12 6 40 0
12 6 41 0
12 6 42 0
12 6 43 0
12 6 44 0
12 6 45 0
12 6 46 0
12 6 47 0
12 6 48 0
12 6 49 0
12 6 50 0
12 6 51 0
12 6 52 0
12 6 53 0
12 6 54 0
12 6 55 0
12 6 56 0
12 6 57 0
12 6 58 0
12 6 59 0
12 6 60 0
12 6 61 0
12 6 62 0
12 6 63 0
12 6 64 0
12 6 65 0
12 6 66 0
12 6 67 0
12 6 68 0
12 6 69 0
12 6 70 0
12 6 71 0
12 6 72 0
12 6 73 0
12 6 74 0
12 6 75 0
12 6 76 0
12 6 77 0
12 6 78 0
12 6 79 0
12 6 80 0
12 6 81 0
12 6 82 0
12 6 83 0
12 6 84 0
12 6 85 0
12 6 86 0
12 6 87 0
12 6 88 0
12 6 89 0
12 6 90 0
12 6 91 0
12 6 92 0
12 6 92 1
12 6 93 0
12 6 94 0
12 6 95 0
12 7 0 0
12 7 30 0
12 7 32 0
12 7 34 0
12 7 36 0
12 7 38 0
12 7 40 0
12 8 0 0
12 8 17 1
12 8 34 1
12 8 69 1
12 8 90 0
12 8 91 0
12 8 92 0
12 8 94 0
12 9 0 0
12 9 1 0
12 9 30 0
12 9 32 0
12 9 34 0
12 9 36 0
12 9 38 0
12 9 40 0
12 9 61 1
12 9 89 0
12 10 0 0
12 11 0 0
12 11 30 0
12 11 31 0
12 11 32 0
12 11 34 0
12 11 36 0
12 11 38 0
12 11 40 0
12 11 52 1
12 11 77 0
12 11 78 1
12 11 79 0
13 0 25 0
13 0 30 0
13 0 32 0
13 0 34 0
13 0 36 0
13 0 38 0
13 0 40 0
13 0 58 0
13 0 68 1
13 0 76 1
13 1 31 1
13 1 35 1
13 1 37 1
13 1 76 1
13 1 87 1
13 1 93 1
13 2 0 0
13 2 30 0
13 2 32 0
13 2 34 0
13 2 35 1
13 2 36 0
13 2 38 0
13 2 40 0
13 2 42 0
13 3 0 0
13 3 1 0
13 3 2 0
13 3 3 0
13 3 4 0
13 3 5 0
13 3 6 0
13 3 7 0
13 3 8 0
13 3 9 0
13 3 10 0
13 3 11 0
13 3 11 1
13 3 12 0
13 3 12 1
13 3 13 0
13 3 14 0
13 3 15 0
13 3 16 0
13 3 17 0
13 3 18 0
13 3 19 0
13 3 20 0
13 3 21 0
13 3 22 0
13 3 23 0
13 3 24 0
13 3 25 0
13 3 26 0
13 3 27 0
13 3 28 0
13 3 29 0
13 3 30 0
13 3 31 0
13 3 32 0
13 3 33 0
13 3 34 0
13 3 35 0
13 3 36 0
13 3 37 0
13 3 38 0
13 3 39 0
13 3 40 0
13 3 41 0
13 3 42 0
13 3 43 0
13 3 44 0
13 3 45 0
13 3 46 0
13 3 47 0
13 3 48 0
13 3 49 0
13 3 50 0
13 3 51 0
13 3 52 0
13 3 53 0
13 3 54 0
13 3 55 0
13 3 56 0
13 3 57 0
13 3 58 0
13 3 59 0
13 3 60 0
13 3 61 0
13 3 62 0
13 3 63 0
13 3 64 0
13 3 65 0
13 3 66 0
13 3 67 0
13 3 68 0
13 3 69 0
13 3 70 0
13 3 71 0
13 3 72 0
13 3 73 0
13 3 74 0
13 3 75 0
13 3 76 0
13 3 77 0
13 3 78 0
13 3 79 0
13 3 80 0
13 3 81 0
13 3 82 0
13 3 83 0
13 3 84 0
13 3 85 0
13 3 86 0
13 3 86 1
13 3 87 0
13 3 88 0
13 3 89 0
13 3 90 0
13 3 91 0
13 3 92 0
13 3 93 0
13 3 94 0
13 3 95 0
13 4 0 0
13 4 32 0
13 4 34 0
13 4 36 0
13 4 38 0
13 5 0 0
13 5 24 0
13 5 36 0
13 5 37 0
13 5 38 0
13 5 50 0
13 5 56 0
13 5 94 0
13 6 4 0
13 6 14 1
13 6 16 1
13 6 30 0
13 6 32 0
13 6 34 0
13 6 36 0
13 6 38 0
13 6 40 0
13 7 0 1
13 7 1 0
13 7 89 1
13 8 0 0
13 8 1 0
13 8 2 0
13 8 3 0
13 8 4 0
13 8 5 0
13 8 6 0
13 8 7 0
13 8 8 0
13 8 8 1
13 8 9 0
13 8 10 0
13 8 11 0
13 8 12 0
13 8 13 0
13 8 14 0
13 8 15 0
13 8 16 0
13 8 17 0
13 8 18 0
13 8 19 0
13 8 20 0
13 8 21 0
13 8 22 0
13 8 23 0
13 8 24 0
13 8 25 0
13 8 26 0
13 8 27 0
13 8 28 0
13 8 29 0
13 8 30 0
13 8 31 0
13 8 32 0
13 8 33 0
13 8 34 0
13 8 35 0
13 8 36 0
13 8 37 0
13 8 38 0
13 8 39 0
13 8 40 0
13 8 41 0
13 8 42 0
13 8 43 0
13 8 44 0
13 8 45 0
13 8 46 0
13 8 47 0
13 8 48 0
13 8 49 0
13 8 50 0
13 8 51 0
13 8 52 0
13 8 53 0
13 8 54 0
13 8 55 0
13 8 56 0
13 8 57 0
13 8 58 0
13 8 59 0
13 8 60 0
13 8 61 0
13 8 62 0
13 8 63 0
13 8 64 0
13 8 65 0
13 8 66 0
13 8 67 0
13 8 68 0
13 8 69 0
13 8 70 0
13 8 71 0
13 8 72 0
13 8 73 0
13 8 74 0
13 8 75 0
13 8 76 0
13 8 77 0
13 8 78 0
13 8 79 0
13 8 80 0
13 8 81 0
13 8 82 0
13 8 83 0
13 8 84 0
13 8 85 0
13 8 86 0
13 8 87 0
13 8 88 0
13 8 89 0
13 8 90 0
13 8 91 0
13 8 92 0
13 8 93 0
13 8 94 0
13 8 95 0
13 9 0 1
13 9 1 0
13 9 27 1
13 10 0 0
13 10 10 1
13 10 30 0
13 10 34 0
13 10 36 0
13 10 38 0
13 10 40 0
13 10 41 1
13 10 48 1
13 10 90 1
13 11 0 0
13 11 31 1
13 11 43 1
13 11 80 1
14 0 0 1
14 0 95 1
14 1 0 0
14 1 1 0
14 1 2 0
14 1 30 0
14 1 32 0
14 1 34 0
14 1 36 0
14 1 38 0
14 1 59 0
14 1 61 1
14 1 63 0
14 1 65 1
14 1 72 1
14 1 79 0
14 1 83 0
14 1 85 0
14 1 87 0
14 1 95 0
14 2 0 0
14 2 1 0
14 2 51 1
14 2 79 0
14 2 90 0
14 2 91 0
14 2 92 0
14 2 93 0
14 2 94 0
14 3 0 0
14 3 1 1
14 3 17 0
14 3 30 0
14 3 32 0
14 3 34 0
14 3 36 0
14 3 38 0
14 3 39 0
14 3 40 0
14 3 41 0
14 3 49 0
14 4 0 1
14 4 1 0
14 4 2 0
14 4 6 1
14 4 63 1
14 5 0 0
14 5 10 1
14 5 16 1
14 5 17 1
14 5 30 0
14 5 31 1
14 5 32 0
14 5 34 0
14 5 36 0
14 5 38 0
14 5 40 0
14 5 43 1
14 5 93 0
14 6 0 0
14 6 1 1
14 6 2 0
14 6 3 0
14 6 60 0
14 6 78 0
14 6 79 0
14 6 90 0
14 6 92 0
14 6 94 0
14 7 0 0
14 7 30 0
14 7 32 0
14 7 34 0
14 7 36 0
14 7 38 0
14 7 40 0
14 8 0 0
14 8 1 0
14 9 0 0
14 9 1 1
14 9 30 0
14 9 34 0
14 9 36 0
14 9 38 0
14 9 56 1
14 10 28 1
14 10 94 1
14 11 0 0
14 11 2 0
14 11 13 0
14 11 19 0
14 11 31 0
14 11 32 0
14 11 34 0
14 11 36 0
14 11 38 0
14 11 79 0
14 11 85 0
15 0 0 0
15 0 5 1
15 0 9 1
15 0 28 0
15 0 30 0
15 0 31 0
15 0 32 0
15 0 34 0
15 0 36 0
15 0 37 0
15 0 38 0
15 0 39 0
15 0 40 0
15 0 54 0
15 1 0 0
15 1 3 0
15 1 17 1
15 1 22 0
15 1 26 1
15 1 39 0
15 1 54 1
15 1 68 0
15 1 79 1
15 1 88 1
15 2 0 0
15 2 20 0
15 2 26 0
15 2 30 0
15 2 32 0
15 2 34 0
15 2 36 0
15 2 38 0
15 2 40 0
15 2 42 0
15 2 44 0
15 2 77 1
15 2 82 0
15 3 0 0
15 3 3 1
15 3 27 1
15 3 28 0
15 3 29 0
15 3 30 0
15 3 33 1
15 3 38 0
15 3 40 0
15 3 44 1
15 3 71 0
15 3 81 0
15 4 0 0
15 4 7 1
15 4 12 0
15 4 13 1
15 4 30 1
15 4 32 0
15 4 33 1
15 4 34 0
15 4 36 0
15 4 38 0
15 4 40 0
15 4 76 0
15 5 0 0
15 5 4 1
15 5 5 1
15 5 63 1
15 5 64 0
15 5 66 1
15 5 78 0
15 6 0 0
15 6 8 1
15 6 27 1
15 6 32 0
15 6 34 0
15 6 36 0
15 6 38 0
15 7 35 0
15 7 71 0
15 7 85 1
15 8 14 1
15 8 28 0
15 8 30 0
15 8 32 0
15 8 34 0
15 8 36 0
15 8 37 1
15 8 38 0
15 8 40 0
15 8 90 1
15 8 94 1
15 9 0 0
15 9 1 0
15 9 49 1
15 9 89 1
15 10 0 0
15 10 28 1
15 10 30 0
15 10 32 0
15 10 34 0
15 10 36 0
15 10 38 0
15 10 40 0
15 10 42 1
15 10 43 1
15 10 72 1
15 10 73 0
15 10 74 1
15 10 91 0
15 10 95 1
15 11 2 0
15 11 12 0
15 11 33 0
15 11 67 0
16 0 0 0
16 1 0 0
16 1 2 0
16 1 2 1
16 1 14 1
16 1 26 1
16 1 30 0
16 1 32 0
16 1 34 0
16 1 36 0
16 1 38 1
16 1 73 1
16 1 80 1
16 1 85 0
16 1 93 0
16 3 0 0
16 3 28 0
16 3 30 0
16 3 32 0
16 3 34 0
16 3 36 0
16 3 38 0
16 3 40 0
16 3 87 1
16 3 95 1
16 4 0 0
16 4 1 0
16 4 14 0
16 5 0 0
16 5 30 0
16 5 32 0
16 5 34 0
16 5 36 0
16 5 38 0
16 5 40 0
16 5 42 0
16 5 57 0
16 6 27 1
16 7 0 0
16 7 1 0
16 7 2 0
16 7 2 1
16 7 3 0
16 7 4 0
16 7 5 0
16 7 5 1
16 7 6 0
16 7 7 0
16 7 8 0
16 7 8 1
16 7 9 0
16 7 10 0
16 7 11 0
16 7 12 0
16 7 13 0
16 7 14 0
16 7 14 1
16 7 15 0
16 7 16 0
16 7 17 0
16 7 18 0
16 7 19 0
16 7 20 0
16 7 20 1
16 7 21 0
16 7 22 0
16 7 23 0
16 7 24 0
16 7 25 0
16 7 26 0
16 7 27 0
16 7 28 0
16 7 29 0
16 7 30 0
16 7 31 0
16 7 32 0
16 7 33 0
16 7 34 0
16 7 35 0
16 7 36 0
16 7 37 0
16 7 38 0
16 7 39 0
16 7 40 0
16 7 41 0
16 7 42 0
16 7 43 0
16 7 44 0
16 7 45 0
16 7 46 0
16 7 47 0
16 7 48 0
16 7 49 0
16 7 50 0
16 7 51 0
16 7 52 0
16 7 53 0
16 7 54 0
16 7 55 0
16 7 56 0
16 7 57 0
16 7 58 0
16 7 59 0
16 7 60 0
16 7 61 0
16 7 62 0
16 7 63 0
16 7 64 0
16 7 65 0
16 7 66 0
16 7 67 0
16 7 68 0
16 7 69 0
16 7 70 0
16 7 71 0
16 7 71 1
16 7 72 0
16 7 73 0
16 7 74 0
16 7 75 0
16 7 76 0
16 7 77 0
16 7 78 0
16 7 79 0
16 7 80 0
16 7 81 0
16 7 82 0
16 7 83 0
16 7 84 0
16 7 85 0
16 7 86 0
16 7 87 0
16 7 88 0
16 7 89 0
16 7 90 0
16 7 91 0
16 7 92 0
16 7 93 0
16 7 94 0
16 7 95 0
16 8 6 1
16 8 33 1
16 8 48 1
16 9 0 0
16 9 32 0
16 9 34 0
16 9 36 0
16 9 38 0
16 9 50 1
16 10 0 0
16 10 71 1
16 10 84 0
16 10 93 1
16 11 0 0
16 11 4 0
16 11 8 0
16 11 10 0
16 11 20 0
16 11 22 0
16 11 26 0
16 11 28 0
16 11 30 0
16 11 31 0
16 11 32 0
16 11 34 0
16 11 36 0
16 11 38 0
16 11 40 0
16 11 52 0
16 11 66 0
16 11 68 0
16 11 76 0
16 11 78 0
16 11 82 0
17 0 0 0
17 0 30 0
17 0 32 0
17 0 34 0
17 0 36 0
17 0 38 0
17 0 40 0
17 1 0 1
17 1 28 1
17 1 29 1
17 1 31 1
17 1 35 0
17 1 74 0
17 2 0 0
17 2 2 1
17 2 4 0
17 2 10 0
17 2 14 0
17 2 25 1
17 2 30 0
17 2 32 0
17 2 34 0
17 2 36 0
17 2 38 0
17 2 40 0
17 2 70 0
17 2 72 0
17 2 80 0
17 2 88 0
17 2 90 0
17 2 92 0
17 3 0 0
17 3 84 0
17 3 85 0
17 3 86 0
17 3 87 0
17 3 88 0
17 3 90 0
17 3 92 0
17 3 93 0
17 3 94 0
17 3 95 0
17 4 0 0
17 4 1 0
17 4 4 0
17 4 10 0
17 4 12 0
17 4 16 0
17 4 18 0
17 4 28 0
17 4 30 0
17 4 31 1
17 4 32 0
17 4 34 0
17 4 36 0
17 4 38 0
17 4 40 0
17 4 50 0
17 4 93 0
17 5 0 0
17 6 0 0
17 6 32 0
17 6 34 0
17 6 36 0
17 6 38 0
17 7 27 0
17 7 30 0
17 7 55 0
17 7 63 0
17 7 79 1
17 7 94 1
17 8 32 0
17 8 34 0
17 8 36 0
17 8 38 0
17 8 40 0
17 9 0 0
17 9 15 1
17 9 53 1
17 10 0 0
17 10 31 0
17 10 32 0
17 10 34 0
17 10 36 0
17 10 38 0
17 10 40 0
17 11 0 0
17 11 1 0
17 11 7 1
17 11 51 1
17 11 60 0
17 11 62 1
17 11 64 0
17 11 66 0
17 11 74 0
17 11 92 0
17 11 94 1
