TABLE TrkAlignPlane 0-5000000
    0,     0_0_0,  0.000000,  0.000000,  0.000000,  0.000000,  0.000000,  0.000000
    1,     1_0_0,  0.000000,  0.000000,  0.000000,  0.000000,  0.000000,  0.000000
    2,     2_0_0,  0.000000,  0.000000,  0.000000,  0.000000,  0.000000,  0.000000
    3,     3_0_0,  0.000000,  0.000000,  0.000000,  0.000000,  0.000000,  0.000000
    4,     4_0_0,  0.000000,  0.000000,  0.000000,  0.000000,  0.000000,  0.000000
    5,     5_0_0,  0.000000,  0.000000,  0.000000,  0.000000,  0.000000,  0.000000
    6,     6_0_0,  0.000000,  0.000000,  0.000000,  0.000000,  0.000000,  0.000000
    7,     7_0_0,  0.000000,  0.000000,  0.000000,  0.000000,  0.000000,  0.000000
    8,     8_0_0,  0.000000,  0.000000,  0.000000,  0.000000,  0.000000,  0.000000
    9,     9_0_0,  0.000000,  0.000000,  0.000000,  0.000000,  0.000000,  0.000000
   10,    10_0_0,  0.000000,  0.000000,  0.000000,  0.000000,  0.000000,  0.000000
   11,    11_0_0,  0.000000,  0.000000,  0.000000,  0.000000,  0.000000,  0.000000
   12,    12_0_0,  0.000000,  0.000000,  0.000000,  0.000000,  0.000000,  0.000000
   13,    13_0_0,  0.000000,  0.000000,  0.000000,  0.000000,  0.000000,  0.000000
   14,    14_0_0,  0.000000,  0.000000,  0.000000,  0.000000,  0.000000,  0.000000
   15,    15_0_0,  0.000000,  0.000000,  0.000000,  0.000000,  0.000000,  0.000000
   16,    16_0_0,  0.000000,  0.000000,  0.000000,  0.000000,  0.000000,  0.000000
   17,    17_0_0,  0.000000,  0.000000,  0.000000,  0.000000,  0.000000,  0.000000
   18,    18_0_0,  0.000000,  0.000000,  0.000000,  0.000000,  0.000000,  0.000000
   19,    19_0_0,  0.000000,  0.000000,  0.000000,  0.000000,  0.000000,  0.000000
   20,    20_0_0,  0.000000,  0.000000,  0.000000,  0.000000,  0.000000,  0.000000
   21,    21_0_0,  0.000000,  0.000000,  0.000000,  0.000000,  0.000000,  0.000000
   22,    22_0_0,  0.000000,  0.000000,  0.000000,  0.000000,  0.000000,  0.000000
   23,    23_0_0,  0.000000,  0.000000,  0.000000,  0.000000,  0.000000,  0.000000
   24,    24_0_0,  0.000000,  0.000000,  0.000000,  0.000000,  0.000000,  0.000000
   25,    25_0_0,  0.000000,  0.000000,  0.000000,  0.000000,  0.000000,  0.000000
   26,    26_0_0,  0.000000,  0.000000,  0.000000,  0.000000,  0.000000,  0.000000
   27,    27_0_0,  0.000000,  0.000000,  0.000000,  0.000000,  0.000000,  0.000000
   28,    28_0_0,  0.000000,  0.000000,  0.000000,  0.000000,  0.000000,  0.000000
   29,    29_0_0,  0.000000,  0.000000,  0.000000,  0.000000,  0.000000,  0.000000
   30,    30_0_0,  0.000000,  0.000000,  0.000000,  0.000000,  0.000000,  0.000000
   31,    31_0_0,  0.000000,  0.000000,  0.000000,  0.000000,  0.000000,  0.000000
   32,    32_0_0,  0.000000,  0.000000,  0.000000,  0.000000,  0.000000,  0.000000
   33,    33_0_0,  0.000000,  0.000000,  0.000000,  0.000000,  0.000000,  0.000000
   34,    34_0_0,  0.000000,  0.000000,  0.000000,  0.000000,  0.000000,  0.000000
   35,    35_0_0,  0.000000,  0.000000,  0.000000,  0.000000,  0.000000,  0.000000
 
