TABLE TrkAlignPanel 1-5000000
0, 0_0_0,      0.046,     -0.607,      0.474,  -0.002848,   0.000492,   0.000018
1, 0_1_0,      0.297,      0.023,     -0.874,  -0.002237,  -0.000117,   0.000274
2, 0_2_0,     -0.015,     -0.259,      0.987,  -0.000697,  -0.000407,  -0.000172
3, 0_3_0,      0.092,     -0.086,     -0.934,  -0.000275,   0.000442,  -0.000144
4, 0_4_0,      0.035,     -0.148,      0.716,   0.002057,  -0.000407,   0.000445
5, 0_5_0,     -0.031,     -0.213,     -0.625,   0.002071,  -0.000442,  -0.000444
6, 1_0_0,      0.008,     -0.401,     -1.108,   0.001852,  -0.000180,  -0.000091
7, 1_1_0,      0.198,     -0.155,      0.555,   0.001771,   0.000764,  -0.000428
8, 1_2_0,     -0.097,     -0.065,     -0.741,   0.000539,   0.000926,   0.000352
9, 1_3_0,      0.036,     -0.141,      0.544,  -0.001213,  -0.001183,  -0.000423
10, 1_4_0,     -0.019,     -0.131,     -0.725,  -0.001603,  -0.000674,  -0.000178
11, 1_5_0,      0.108,     -0.282,      1.048,  -0.001633,   0.000418,  -0.000314
12, 2_0_0,      0.074,     -0.290,     -1.096,  -0.002278,   0.000472,  -0.000156
13, 2_1_0,     -0.176,     -0.349,      1.383,  -0.002112,  -0.000956,   0.000300
14, 2_2_0,      0.159,     -0.357,     -1.653,  -0.001328,  -0.001388,  -0.000097
15, 2_3_0,     -0.074,     -0.356,      1.472,   0.001196,   0.001244,   0.000200
16, 2_4_0,      0.220,     -0.204,     -1.591,   0.002175,   0.000858,  -0.000277
17, 2_5_0,      0.046,     -0.367,      1.009,   0.002047,  -0.000403,  -0.000525
18, 3_0_0,      0.155,     -0.143,      1.665,   0.001964,  -0.000611,  -0.000386
19, 3_1_0,      0.103,     -0.220,     -1.452,   0.002789,  -0.000262,  -0.000115
20, 3_2_0,      0.090,     -0.337,      1.270,  -0.001288,   0.000632,  -0.000365
21, 3_3_0,     -0.058,     -0.110,     -1.185,  -0.000295,  -0.000569,   0.000348
22, 3_4_0,      0.158,     -0.160,      1.448,  -0.003488,  -0.000073,  -0.000326
23, 3_5_0,      0.188,      0.080,     -1.676,  -0.002478,   0.000813,  -0.000276
24, 4_0_0,     -0.021,     -0.233,      0.057,  -0.001301,   0.000529,  -0.000019
25, 4_1_0,      0.004,     -0.341,     -0.269,  -0.001635,   0.000000,   0.000039
26, 4_2_0,      0.058,     -0.193,      0.365,  -0.001117,  -0.000256,   0.000133
27, 4_3_0,      0.099,     -0.229,     -0.382,  -0.000424,   0.000283,   0.000206
28, 4_4_0,     -0.087,     -0.381,      0.234,   0.001389,  -0.000337,  -0.000136
29, 4_5_0,     -0.010,     -0.236,     -0.192,   0.001048,  -0.000423,  -0.000358
30, 5_0_0,     -0.170,     -0.021,     -0.342,   0.000952,  -0.000434,   0.000165
31, 5_1_0,      0.114,     -0.184,     -0.103,   0.002202,   0.000321,  -0.000420
32, 5_2_0,     -0.034,     -0.336,     -0.311,   0.000363,   0.000527,   0.000010
33, 5_3_0,      0.223,     -0.155,     -0.028,  -0.000600,  -0.000717,  -0.000302
34, 5_4_0,      0.062,     -0.071,     -0.180,  -0.001873,  -0.000000,  -0.000196
35, 5_5_0,      0.157,     -0.154,      0.163,  -0.000585,   0.000462,  -0.000165
36, 6_0_0,      0.187,     -0.178,     -0.509,  -0.001610,   0.000349,   0.000077
37, 6_1_0,      0.086,     -0.323,      0.693,  -0.001414,  -0.000557,  -0.000218
38, 6_2_0,      0.021,     -0.358,     -1.023,  -0.000650,  -0.001324,  -0.000590
39, 6_3_0,     -0.009,     -0.107,      0.670,   0.001438,   0.001007,  -0.000123
40, 6_4_0,     -0.010,     -0.341,     -0.908,   0.002064,   0.000922,   0.000114
41, 6_5_0,      0.040,     -0.222,      0.356,   0.002503,  -0.000419,  -0.000096
42, 7_0_0,      0.096,     -0.136,      0.887,   0.002221,  -0.000627,  -0.000246
43, 7_1_0,      0.124,     -0.132,     -0.639,   0.002088,  -0.000343,  -0.000412
44, 7_2_0,      0.162,     -0.297,      0.549,  -0.001087,   0.000619,  -0.000340
45, 7_3_0,     -0.062,     -0.243,     -0.416,  -0.000135,  -0.000414,   0.000133
46, 7_4_0,     -0.034,     -0.172,      0.729,  -0.002936,  -0.000096,  -0.000093
47, 7_5_0,      0.170,     -0.225,     -0.970,  -0.002475,   0.000648,  -0.000292
48, 8_0_0,      0.110,     -0.163,     -0.224,  -0.002378,   0.000935,  -0.000277
49, 8_1_0,      0.090,     -0.157,     -0.152,  -0.003333,   0.000090,  -0.000053
50, 8_2_0,      0.098,     -0.126,      0.390,  -0.000243,  -0.000511,  -0.000002
51, 8_3_0,      0.320,     -0.161,     -0.417,  -0.000622,   0.000599,  -0.000243
52, 8_4_0,      0.060,     -0.023,      0.031,   0.003095,  -0.000260,  -0.000268
53, 8_5_0,     -0.061,     -0.488,      0.139,   0.001675,  -0.000667,   0.000122
54, 9_0_0,      0.113,     -0.019,     -0.691,   0.002281,  -0.000448,  -0.000205
55, 9_1_0,      0.168,     -0.329,     -0.123,   0.002877,   0.001142,   0.000540
56, 9_2_0,      0.097,     -0.064,     -0.072,   0.001951,   0.001217,  -0.000267
57, 9_3_0,     -0.129,     -0.251,     -0.134,  -0.001307,  -0.001774,  -0.000690
58, 9_4_0,      0.049,     -0.345,     -0.180,  -0.001873,  -0.000848,  -0.000541
59, 9_5_0,     -0.146,     -0.383,      0.582,  -0.002615,   0.000295,   0.000105
60, 10_0_0,      0.273,     -0.229,     -0.677,  -0.001327,   0.000606,  -0.000375
61, 10_1_0,     -0.104,     -0.397,      1.066,  -0.002163,  -0.001057,   0.000264
62, 10_2_0,      0.106,     -0.230,     -1.211,  -0.001305,  -0.001413,  -0.000208
63, 10_3_0,     -0.262,     -0.321,      1.109,  -0.000411,   0.000988,  -0.000039
64, 10_4_0,      0.083,     -0.617,     -1.232,   0.002531,   0.000684,  -0.000472
65, 10_5_0,     -0.146,     -0.234,      0.593,   0.001343,  -0.000123,   0.000397
66, 11_0_0,      0.172,     -0.193,      1.080,   0.002983,  -0.000408,  -0.000387
67, 11_1_0,     -0.185,     -0.034,     -1.093,   0.003062,  -0.000397,   0.000078
68, 11_2_0,     -0.235,     -0.281,      0.817,  -0.000649,   0.000696,  -0.000064
69, 11_3_0,     -0.179,     -0.381,     -0.739,  -0.000180,  -0.000681,  -0.000236
70, 11_4_0,      0.013,     -0.260,      0.940,  -0.002588,  -0.000385,  -0.000143
71, 11_5_0,     -0.001,     -0.165,     -1.215,  -0.002099,   0.000774,   0.000472
72, 12_0_0,     -0.003,     -0.119,     -0.586,  -0.001448,   0.000848,  -0.000270
73, 12_1_0,      0.002,     -0.307,      0.410,  -0.001678,  -0.000154,  -0.000460
74, 12_2_0,      0.208,     -0.369,     -0.133,  -0.000951,  -0.000258,  -0.000059
75, 12_3_0,      0.237,     -0.293,      0.340,  -0.000626,   0.000304,  -0.000058
76, 12_4_0,      0.018,     -0.238,     -0.372,   0.002008,  -0.000404,  -0.000347
77, 12_5_0,      0.043,     -0.303,      0.610,   0.001549,  -0.000203,  -0.000192
78, 13_0_0,     -0.143,     -0.014,      0.127,   0.002358,  -0.000134,  -0.000240
79, 13_1_0,      0.067,     -0.293,     -0.561,   0.001908,   0.000442,  -0.000293
80, 13_2_0,      0.007,     -0.178,      0.335,   0.000529,   0.000676,  -0.000119
81, 13_3_0,      0.022,     -0.148,     -0.533,  -0.001619,  -0.001198,   0.000020
82, 13_4_0,     -0.001,     -0.197,      0.337,  -0.000703,  -0.000642,  -0.000018
83, 13_5_0,      0.122,      0.004,     -0.160,  -0.001401,   0.000602,  -0.000287
84, 14_0_0,      0.084,     -0.358,     -0.874,  -0.001112,   0.000426,   0.000024
85, 14_1_0,     -0.168,     -0.209,      0.962,  -0.001128,  -0.000185,   0.000081
86, 14_2_0,      0.059,     -0.263,     -1.131,  -0.000507,  -0.000835,  -0.000423
87, 14_3_0,      0.125,     -0.083,      0.890,   0.001734,   0.000600,  -0.000386
88, 14_4_0,      0.098,     -0.315,     -1.177,   0.002254,   0.000476,   0.000211
89, 14_5_0,      0.144,     -0.139,      0.856,   0.001963,  -0.000425,  -0.000105
90, 15_0_0,      0.106,     -0.009,      1.130,   0.000954,  -0.000484,  -0.000438
91, 15_1_0,     -0.076,     -0.147,     -0.995,   0.001246,  -0.000219,  -0.000089
92, 15_2_0,     -0.051,     -0.271,      0.872,  -0.000351,   0.000478,   0.000289
93, 15_3_0,     -0.146,     -0.129,     -0.755,  -0.001331,  -0.000294,  -0.000002
94, 15_4_0,     -0.068,     -0.172,      0.917,  -0.002167,   0.000024,  -0.000118
95, 15_5_0,      0.146,     -0.133,     -1.184,  -0.002049,   0.000561,  -0.000122
96, 16_0_0,     -0.013,     -0.359,      0.194,  -0.003208,   0.000962,  -0.000252
97, 16_1_0,      0.291,     -0.096,     -0.485,  -0.002897,   0.000132,   0.000079
98, 16_2_0,      0.025,     -0.421,      0.773,  -0.000146,  -0.000749,  -0.000030
99, 16_3_0,      0.206,     -0.401,     -0.680,  -0.000614,   0.000542,  -0.000542
100, 16_4_0,      0.090,     -0.508,      0.442,   0.002755,  -0.000439,   0.000003
101, 16_5_0,      0.139,     -0.425,     -0.094,   0.002277,  -0.000614,  -0.000368
102, 17_0_0,      0.153,     -0.142,     -0.793,   0.001954,  -0.000332,   0.000085
103, 17_1_0,      0.447,     -0.269,      0.198,   0.002923,   0.000940,  -0.000326
104, 17_2_0,     -0.068,     -0.370,     -0.367,   0.001102,   0.001164,  -0.000077
105, 17_3_0,     -0.084,     -0.310,      0.247,  -0.000870,  -0.001734,  -0.000505
106, 17_4_0,     -0.081,     -0.204,     -0.420,  -0.002383,  -0.000954,  -0.000127
107, 17_5_0,      0.095,     -0.320,      0.784,  -0.002058,   0.000455,   0.000032
108, 18_0_0,     -0.013,     -0.127,     -0.427,  -0.000788,   0.000585,   0.000134
109, 18_1_0,     -0.033,     -0.317,      0.642,  -0.001231,  -0.000390,   0.000276
110, 18_2_0,     -0.040,     -0.756,     -0.867,  -0.000883,  -0.001196,  -0.000260
111, 18_3_0,     -0.045,     -0.240,      0.603,   0.000773,   0.000719,  -0.000422
112, 18_4_0,     -0.031,     -0.537,     -0.896,   0.001981,   0.000590,  -0.000496
113, 18_5_0,      0.034,     -0.361,      0.416,   0.001463,  -0.000194,  -0.000034
114, 19_0_0,     -0.066,      0.049,      0.805,   0.001074,  -0.000218,  -0.000050
115, 19_1_0,     -0.149,     -0.389,     -0.658,   0.001697,  -0.000171,   0.000504
116, 19_2_0,      0.016,     -0.046,      0.603,  -0.001056,   0.000420,   0.000001
117, 19_3_0,      0.001,     -0.008,     -0.422,  -0.000990,  -0.000447,   0.000252
118, 19_4_0,     -0.070,     -0.240,      0.650,  -0.002080,  -0.000172,   0.000029
119, 19_5_0,     -0.032,     -0.180,     -0.728,  -0.002491,   0.000756,  -0.000408
120, 20_0_0,      0.129,     -0.082,     -0.311,  -0.001955,   0.000489,  -0.000184
121, 20_1_0,     -0.053,     -0.023,     -0.001,  -0.002429,  -0.000187,   0.000067
122, 20_2_0,      0.406,      0.046,      0.157,  -0.000531,  -0.000280,  -0.000499
123, 20_3_0,      0.129,      0.035,     -0.058,  -0.001061,   0.000503,  -0.000016
124, 20_4_0,     -0.206,     -0.112,      0.015,   0.001453,  -0.000423,   0.000285
125, 20_5_0,     -0.180,     -0.059,      0.163,   0.001643,  -0.000313,  -0.000033
126, 21_0_0,     -0.143,      0.033,     -0.245,   0.001651,  -0.000114,  -0.000031
127, 21_1_0,     -0.034,     -0.118,     -0.314,   0.002494,   0.000576,  -0.000181
128, 21_2_0,      0.233,     -0.251,     -0.014,  -0.000060,   0.000791,  -0.000378
129, 21_3_0,      0.081,     -0.109,     -0.312,  -0.001246,  -0.001114,  -0.000004
130, 21_4_0,     -0.115,     -0.123,      0.091,  -0.001232,  -0.000574,   0.000297
131, 21_5_0,      0.301,     -0.173,      0.161,  -0.001225,   0.000482,  -0.000221
132, 22_0_0,     -0.047,     -0.187,     -0.399,  -0.001308,   0.000463,  -0.000141
133, 22_1_0,     -0.114,     -0.200,      0.643,  -0.001312,  -0.000707,  -0.000265
134, 22_2_0,      0.043,     -0.098,     -0.911,  -0.001024,  -0.001255,  -0.000213
135, 22_3_0,      0.071,     -0.259,      0.528,   0.000312,   0.000995,  -0.000111
136, 22_4_0,      0.049,     -0.251,     -0.833,   0.002717,   0.000689,   0.000061
137, 22_5_0,      0.113,     -0.136,      0.277,   0.002165,  -0.000223,  -0.000096
138, 23_0_0,      0.051,     -0.124,      0.788,   0.002525,  -0.000471,  -0.000017
139, 23_1_0,     -0.011,     -0.275,     -0.533,   0.001723,  -0.000220,  -0.000278
140, 23_2_0,      0.010,     -0.248,      0.440,  -0.001222,   0.000549,   0.000017
141, 23_3_0,      0.024,     -0.238,     -0.346,  -0.001030,  -0.000615,   0.000096
142, 23_4_0,     -0.182,     -0.271,      0.641,  -0.002504,  -0.000109,  -0.000159
143, 23_5_0,     -0.394,     -0.192,     -0.780,  -0.002956,   0.000487,   0.000388
144, 24_0_0,      0.099,     -0.046,     -0.693,  -0.002374,   0.000468,  -0.000333
145, 24_1_0,     -0.012,     -0.153,      0.426,  -0.002376,  -0.000052,  -0.000030
146, 24_2_0,      0.355,     -0.178,     -0.243,   0.000120,  -0.000355,  -0.000221
147, 24_3_0,      0.192,     -0.208,      0.306,  -0.000725,   0.000472,   0.000179
148, 24_4_0,     -0.031,     -0.248,     -0.448,   0.001684,  -0.000156,  -0.000357
149, 24_5_0,      0.010,     -0.305,      0.604,   0.001620,  -0.000490,  -0.000271
150, 25_0_0,      0.000,     -0.050,      0.110,   0.001507,  -0.000491,  -0.000199
151, 25_1_0,      0.079,     -0.338,     -0.625,   0.001796,   0.000780,   0.000152
152, 25_2_0,      0.064,     -0.365,      0.346,   0.000838,   0.000920,  -0.000334
153, 25_3_0,      0.046,     -0.214,     -0.634,  -0.001019,  -0.001193,  -0.000075
154, 25_4_0,      0.024,     -0.265,      0.475,  -0.001540,  -0.000535,  -0.000088
155, 25_5_0,     -0.105,     -0.262,     -0.136,  -0.001182,   0.000569,  -0.000015
156, 26_0_0,     -0.184,      0.108,     -1.132,  -0.000678,   0.000664,  -0.000357
157, 26_1_0,     -0.016,      0.004,      1.156,  -0.000988,  -0.000830,   0.000130
158, 26_2_0,      0.095,     -0.076,     -1.371,  -0.001862,  -0.000871,  -0.000067
159, 26_3_0,      0.006,     -0.217,      1.165,   0.000191,   0.000819,  -0.000010
160, 26_4_0,     -0.036,     -0.210,     -1.407,   0.001600,   0.000176,   0.000262
161, 26_5_0,     -0.182,     -0.218,      0.920,   0.002616,  -0.000038,  -0.000083
162, 27_0_0,      0.217,     -0.210,      1.292,   0.002354,  -0.000022,  -0.000469
163, 27_1_0,      0.093,     -0.284,     -1.288,   0.002367,  -0.000659,  -0.000194
164, 27_2_0,      0.190,     -0.183,      1.104,  -0.001200,   0.000395,   0.000016
165, 27_3_0,      0.125,     -0.287,     -1.079,  -0.001723,  -0.000382,   0.000082
166, 27_4_0,      0.057,     -0.077,      1.190,  -0.001278,  -0.000562,  -0.000494
167, 27_5_0,     -0.224,      0.056,     -1.401,  -0.001832,   0.000783,  -0.000034
168, 28_0_0,      0.137,     -0.182,     -0.677,  -0.002140,   0.000666,   0.000161
169, 28_1_0,      0.153,     -0.173,      0.452,  -0.002238,   0.000001,  -0.000282
170, 28_2_0,     -0.174,     -0.373,     -0.250,  -0.000915,  -0.000358,  -0.000143
171, 28_3_0,      0.100,     -0.275,      0.241,  -0.000178,   0.000407,  -0.000002
172, 28_4_0,     -0.144,     -0.159,     -0.554,   0.002001,  -0.000363,  -0.000321
173, 28_5_0,      0.272,     -0.235,      0.618,   0.001791,  -0.000540,  -0.000458
174, 29_0_0,     -0.018,     -0.267,      0.163,   0.001997,  -0.000491,   0.000262
175, 29_1_0,      0.079,     -0.297,     -0.690,   0.001898,   0.000593,  -0.000119
176, 29_2_0,     -0.044,     -0.113,      0.362,   0.000998,   0.000972,  -0.000391
177, 29_3_0,     -0.065,     -0.337,     -0.684,  -0.000288,  -0.001140,  -0.000203
178, 29_4_0,     -0.244,     -0.132,      0.400,  -0.002110,  -0.000532,   0.000472
179, 29_5_0,      0.136,     -0.471,     -0.272,  -0.001459,   0.000397,  -0.000098
180, 30_0_0,      0.223,     -0.156,     -0.221,  -0.000679,   0.000275,  -0.000594
181, 30_1_0,     -0.121,     -0.153,      0.317,  -0.001292,  -0.000213,  -0.000075
182, 30_2_0,      0.049,     -0.091,     -0.611,  -0.001128,  -0.000851,  -0.000196
183, 30_3_0,      0.171,     -0.108,      0.069,   0.000563,   0.000673,   0.000083
184, 30_4_0,      0.199,     -0.268,     -0.652,   0.001539,   0.000484,  -0.000307
185, 30_5_0,     -0.001,     -0.014,     -0.040,   0.001195,  -0.000398,  -0.000042
186, 31_0_0,      0.200,     -0.229,      0.349,   0.001082,  -0.000356,  -0.000484
187, 31_1_0,     -0.113,     -0.089,     -0.354,   0.001595,  -0.000298,   0.000064
188, 31_2_0,      0.001,     -0.247,      0.235,  -0.001037,   0.000569,   0.000019
189, 31_3_0,     -0.032,     -0.302,     -0.298,  -0.000539,  -0.000109,   0.000336
190, 31_4_0,      0.043,     -0.232,      0.276,  -0.001761,  -0.000297,  -0.000343
191, 31_5_0,     -0.037,     -0.085,     -0.603,  -0.001231,   0.000386,   0.000167
192, 32_0_0,     -0.151,     -0.169,     -0.275,  -0.002687,   0.000875,   0.000261
193, 32_1_0,      0.308,      0.056,      0.041,  -0.003114,  -0.000120,  -0.000347
194, 32_2_0,     -0.180,     -0.293,      0.282,  -0.001026,  -0.000773,   0.000070
195, 32_3_0,      0.083,     -0.044,     -0.198,  -0.001359,   0.000650,  -0.000454
196, 32_4_0,      0.003,     -0.200,     -0.028,   0.003296,  -0.000337,   0.000111
197, 32_5_0,      0.034,     -0.353,      0.259,   0.002467,  -0.000725,   0.000035
198, 33_0_0,     -0.016,     -0.205,     -0.416,   0.002086,  -0.000434,   0.000181
199, 33_1_0,      0.506,     -0.290,     -0.302,   0.002519,   0.001183,  -0.000361
200, 33_2_0,     -0.077,     -0.071,      0.109,   0.001375,   0.001339,  -0.000448
201, 33_3_0,     -0.086,     -0.195,     -0.388,  -0.001415,  -0.001568,  -0.000405
202, 33_4_0,      0.188,     -0.203,      0.092,  -0.002422,  -0.000945,  -0.000099
203, 33_5_0,     -0.062,     -0.160,      0.292,  -0.001307,   0.000455,  -0.000092
204, 34_0_0,      0.098,     -0.067,     -0.256,  -0.001795,   0.000478,  -0.000141
205, 34_1_0,     -0.175,     -0.187,      0.504,  -0.001329,  -0.000573,   0.000127
206, 34_2_0,     -0.119,     -0.010,     -0.740,  -0.001157,  -0.001247,  -0.000165
207, 34_3_0,     -0.151,     -0.220,      0.493,   0.001427,   0.000750,   0.000222
208, 34_4_0,      0.019,     -0.271,     -0.738,   0.002547,   0.000805,  -0.000013
209, 34_5_0,     -0.047,     -0.001,      0.207,   0.002251,  -0.000296,  -0.000084
210, 35_0_0,      0.192,     -0.168,      0.847,   0.001731,  -0.000426,  -0.000842
211, 35_1_0,      0.200,     -0.201,     -0.575,   0.002401,  -0.000291,  -0.000449
212, 35_2_0,      0.297,     -0.233,      0.407,  -0.000797,   0.000585,   0.000161
213, 35_3_0,      0.076,     -0.133,     -0.283,  -0.000470,  -0.000482,   0.000006
214, 35_4_0,     -0.020,     -0.314,      0.560,  -0.002861,   0.000059,  -0.000029
215, 35_5_0,     -0.046,     -0.237,     -0.770,  -0.002288,   0.000719,  -0.000064
