TABLE TrkDelayPanel 124111-124120
     0,    0.574
     1,   -5.907
     2,    0.195
     3,    8.674
     4,    8.611
     5,   -1.102
     6,  -21.025
     7,  -21.284
     8,  -21.386
     9,  -13.759
   10,  -13.809
   11,  -21.227
   12,  -15.443
   13,  -16.328
   14,  -15.105
   15,   -8.869
   16,   -9.299
   17,  -16.579
   18,   -5.187
   19,  -12.939
   20,  -14.618
   21,    0.889
   22,    1.426
   23,   -5.250
   24,  -15.345
   25,  -22.190
   26,  -22.733
   27,   -8.275
   28,   -7.440
   29,  -12.173
   30,   -6.484
   31,  -11.937
   32,  -11.576
   33,   -8.949
   34,   -5.509
   35,   -9.421
   36,    0.394
   37,   -0.361
   38,   -1.453
   39,    7.019
   40,    6.205
   41,    1.908
   42,  -16.672
   43,  -20.533
   44,  -23.644
   45,   -8.400
   46,  -14.095
   47,  -17.844
   48,  150.037
   49,  142.671
   50,  149.577
   51,  149.577
   52,  149.577
   53,  149.577
   54, -173.649
   55, -178.901
   56, -179.412
   57, -170.874
   58, -171.883
   59, -175.237
   60,   -9.102
   61,   -9.405
   62,   -9.831
   63,   -1.142
   64,   -2.382
   65,   -9.537
   66,  -29.360
   67,  -36.710
   68,  -37.749
   69,  -22.026
   70,  -21.141
   71,  -29.896
   72,  -20.917
   73,  -20.072
   74,  -28.323
   75,  -11.975
   76,  -11.701
   77,  -19.360
   78,    8.328
   79,  -21.267
   80,  -12.511
   81,  -13.328
   82,  -13.304
   83,  -21.503
   84,    2.579
   85,    2.579
   86,    2.579
   87,    2.579
   88,    2.579
   89,    2.579
   90,    2.579
   91,    2.579
   92,    2.579
   93,    2.579
   94,    2.579
   95,    2.579
   96,   -4.298
   97,  -11.451
   98,  -12.458
   99,   -3.903
100,    4.695
101,   -4.345
102,  -15.978
103,  -16.091
104,  -16.907
105,   -7.134
106,  -16.640
107,  -16.504
108,   -0.927
109,   -6.981
110,   -3.663
111,    1.584
112,    0.873
113,   -6.449
114,   -3.131
115,  -10.626
116,  -10.911
117,    1.632
118,    6.105
119,   -3.276
120,  -87.841
121,  -94.255
122,  -96.283
123,  -79.708
124,  -79.322
125,  -89.412
126,  -13.376
127,  -15.288
128,  -15.114
129,  -12.210
130,   -7.009
131,  -15.730
132, -226.250
133, -229.121
134, -228.049
135, -218.989
136, -219.116
137, -227.422
138, -197.622
139, -204.569
140,-205.050
141, -189.115
142, -188.529
143,-196.663
144,  -12.251
145,  -19.208
146,  -20.038
147,   -4.580
148,   -3.248
149,  -12.426
150,  -30.338
151,  -32.040
152,  -32.389
153,  -22.536
154,  -23.400
155,  -33.122
156,    2.912
157,    7.677
158,    3.749
159,    3.530
160,   11.905
161,    1.749
162,   -0.639
163,   -8.750
164,    3.124
165,    5.951
166,    7.339
167,   -0.779
168,  -13.450
169,  -17.365
170,  -18.826
171,   -2.553
172,   -1.272
173,   -9.216
174,  -13.280
175,  -13.255
176,  -13.765
177,   -4.098
178,   -4.711
179,  -13.656
180,  -10.643
181,  -11.005
182,  -11.701
183,   -2.205
184,   -2.656
185,  -11.308
186,   16.515
187,    9.041
188,    8.044
189,   23.462
190,   24.983
191,   15.995
192,    8.353
193,    2.164
194,    1.113
195,   16.970
196,   18.243
197,    8.800
198,   -0.282
199,    3.522
200,   -1.038
201,    7.436
202,    7.351
203,   -0.492
204,  -19.563
205,  -20.577
206,  -21.297
207,  -12.351
208,  -12.234
209,  -20.432
210,  -26.730
211,  -33.385
212,  -34.458
213,  -26.577
214,  -17.700
215,  -27.348
TABLE TrkDelayPanel 124155-999999
    0,    0.574
    1,   -5.907
    2,    0.195
    3,    8.674
    4,    8.611
    5,   -1.102
    6,  -20.936
    7,  -21.196
    8,  -21.297
    9,  -13.671
  10,  -13.721
  11,  -21.139
  12,  -20.727
  13,  -21.613
  14,  -20.390
  15,  -14.154
  16,  -14.584
  17,  -21.864
  18,   -5.263
  19,  -13.015
  20,  -14.693
  21,    0.813
  22,    1.350
  23,   -5.326
  24,  -20.658
  25,  -27.503
  26,  -28.045
  27,  -13.587
  28,  -12.753
  29,  -17.485
  30,  -12.101
  31,  -17.553
  32,  -17.192
  33,  -14.566
  34,  -11.125
  35,  -15.038
  36,   -4.736
  37,   -5.492
  38,   -6.584
  39,    1.889
  40,    1.075
  41,   -3.223
  42,  -22.472
  43,  -26.333
  44,  -29.444
  45,  -14.201
  46,  -19.895
  47,  -23.644
  48,  153.086
  49,  145.721
  50,  152.626
  51,  152.626
  52,  152.626
  53,  152.626
  54, -170.946
  55, -176.197
  56, -176.710
  57, -168.172
  58, -169.181
  59, -172.534
  60,  -11.247
  61,  -11.550
  62,  -11.977
  63,   -3.287
  64,   -4.527
  65,  -11.682
  66,  -26.503
  67,  -33.853
  68,  -34.893
  69,  -19.170
  70,  -18.285
  71,  -27.040
  72,  -18.074
  73,  -17.228
  74,  -25.479
  75,   -9.131
  76,   -8.857
  77,  -16.516
  78,   11.142
  79,  -18.453
  80,   -9.697
  81,  -10.514
  82,  -10.490
  83,  -18.689
  84,    1.579
  85,    1.579
  86,    1.579
  87,    1.579
  88,    1.579
  89,    1.579
  90,    1.579
  91,    1.579
  92,    1.579
  93,    1.579
  94,    1.579
  95,    1.579
  96,   -6.578
  97,  -13.731
  98,  -14.738
  99,   -6.184
100,    2.415
101,   -6.626
102,  -18.289
103,  -18.401
104,  -19.218
105,   -9.444
106,  -18.950
107,  -18.815
108,   -3.005
109,   -9.059
110,   -5.741
111,   -0.494
112,   -1.205
113,   -8.527
114,  -10.209
115,  -17.704
116,  -17.988
117,   -5.446
118,   -0.972
119,  -10.354
120,  -94.606
121, -101.020
122, -103.048
123,  -86.473
124,  -86.087
125,  -96.177
126,  -15.687
127,  -17.598
128,  -17.425
129,  -14.520
130,   -9.319
131,  -18.041
132, -203.194
133, -206.064
134, -204.992
135, -195.932
136, -196.059
137, -204.365
138, -174.829
139, -181.776
140,-182.256
141, -166.321
142, -165.736
143,-173.870
144,    5.549
145,   -1.407
146,   -2.237
147,   13.222
148,   14.553
149,    5.375
150,  -12.399
151,  -14.102
152,  -14.450
153,   -4.597
154,   -5.462
155,  -15.183
156,   -4.258
157,    0.507
158,   -3.421
159,   -3.640
160,    4.734
161,   -5.422
162,   -8.067
163,  -16.177
164,   -4.303
165,   -1.476
166,   -0.088
167,   -8.206
168,  -20.643
169,  -24.557
170,  -26.018
171,   -9.745
172,   -8.464
173,  -16.408
174,  -15.196
175,  -15.171
176,  -15.681
177,   -6.014
178,   -6.627
179,  -15.571
180,  -17.527
181,  -17.889
182,  -18.586
183,   -9.089
184,   -9.540
185,  -18.193
186,    9.556
187,    2.082
188,    1.085
189,   16.503
190,   18.024
191,    9.036
192,   -3.569
193,   -9.757
194,  -10.809
195,    5.048
196,    6.322
197,   -3.122
198,  -12.381
199,   -8.577
200,  -13.136
201,   -4.662
202,   -4.747
203,  -12.591
204,  -11.656
205,  -12.669
206,  -13.389
207,   -4.443
208,   -4.326
209,  -12.524
210,  -13.715
211,  -20.371
212,  -21.443
213,  -13.562
214,   -4.686
215,  -14.333
