TABLE TrkDelayPanel 124111-124120
     0,    1.302
     1,   -5.056
     2,    0.195
     3,    9.515
     4,   10.084
     5,   -0.108
     6,  -19.652
     7,  -20.881
     8,  -21.386
     9,  -12.694
    10,  -13.140
    11,  -19.911
    12,  -14.625
    13,  -16.000
    14,  -15.105
    15,   -8.421
    16,   -8.628
    17,  -15.829
    18,   -5.187
    19,  -12.739
    20,  -14.060
    21,    1.833
    22,    2.384
    23,   -5.250
    24,  -15.294
    25,  -22.509
    26,  -22.961
    27,   -7.385
    28,   -6.712
    29,  -12.173
    30,   -6.484
    31,  -11.602
    32,  -11.576
    33,   -8.949
    34,   -4.669
    35,   -9.421
    36,    1.160
    37,   -0.270
    38,   -1.049
    39,    7.749
    40,    6.608
    41,    1.908
    42,  -16.672
    43,  -18.988
    44,  -22.968
    45,   -7.431
    46,  -14.095
    47,  -17.844
    48,  150.353
    49,  143.065
    50,  149.577
    51,  149.577
    52,  149.577
    53,  149.577
    54, -173.649
    55, -178.708
    56, -179.373
    57, -170.683
    58, -171.146
    59, -175.237
    60,   -7.864
    61,   -9.084
    62,   -9.709
    63,   -1.008
    64,   -2.252
    65,   -8.438
    66,  -29.360
    67,  -36.061
    68,  -37.144
    69,  -20.869
    70,  -20.569
    71,  -29.818
    72,  -20.472
    73,  -19.967
    74,  -27.250
    75,  -11.716
    76,  -11.341
    77,  -19.360
    78,    7.378
    79,  -20.976
    80,  -12.511
    81,  -13.020
    82,  -12.973
    83,  -20.726
    84,    2.579
    85,    2.579
    86,    2.579
    87,    2.579
    88,    2.579
    89,    2.579
    90,    2.579
    91,    2.579
    92,    2.579
    93,    2.579
    94,    2.579
    95,    2.579
    96,   -4.063
    97,  -10.796
    98,  -11.886
    99,   -3.903
   100,    5.219
   101,   -4.430
   102,  -15.025
   103,  -15.775
   104,  -16.475
   105,   -7.116
   106,  -16.640
   107,  -15.206
   108,   -0.927
   109,   -6.569
   110,   -3.663
   111,    1.795
   112,    1.142
   113,   -5.710
   114,   -2.726
   115,  -10.309
   116,  -10.044
   117,    1.755
   118,    6.732
   119,   -3.046
   120,  -87.575
   121,  -93.886
   122,  -95.552
   123,  -79.227
   124,  -78.895
   125,  -89.125
   126,  -13.376
   127,  -14.840
   128,  -14.422
   129,  -12.210
   130,   -6.479
   131,  -14.881
   132, -225.263
   133, -229.121
   134, -227.572
   135, -218.618
   136, -218.678
   137, -226.672
   138, -197.223
   139, -203.894
   140, -204.670
   141, -188.004
   142, -187.935
   143, -197.566
   144,  -11.952
   145,  -18.310
   146,  -18.959
   147,   -3.228
   148,   -2.731
   149,  -12.269
   150,  -30.338
   151,  -31.545
   152,  -32.120
   153,  -22.771
   154,  -23.142
   155,  -30.908
   156,    4.773
   157,    7.677
   158,    3.967
   159,    3.530
   160,   11.916
   161,    4.102
   162,   -1.175
   163,   -7.955
   164,    3.124
   165,    7.087
   166,    8.112
   167,   -1.411
   168,  -13.450
   169,  -16.373
   170,  -17.432
   171,   -1.531
   172,   -0.222
   173,   -9.507
   174,  -11.688
   175,  -12.408
   176,  -13.283
   177,   -3.642
   178,   -4.227
   179,  -12.374
   180,   -9.056
   181,  -10.122
   182,  -11.128
   183,   -1.666
   184,   -2.114
   185,  -10.021
   186,   16.849
   187,   10.350
   188,    9.298
   189,   24.756
   190,   25.980
   191,   16.208
   192,    8.353
   193,    3.122
   194,    2.258
   195,   17.923
   196,   19.298
   197,    9.304
   198,    0.810
   199,    3.522
   200,   -0.588
   201,    8.075
   202,    8.081
   203,    0.699
   204,  -18.522
   205,  -19.671
   206,  -20.628
   207,  -11.612
   208,  -11.477
   209,  -19.303
   210,  -26.025
   211,  -32.183
   212,  -33.074
   213,  -26.577
   214,  -16.515
   215,  -26.345
TABLE TrkDelayPanel 124155-999999
     0,    1.302
     1,   -5.056
     2,    0.195
     3,    9.515
     4,   10.084
     5,   -0.108
     6,  -19.563
     7,  -20.793
     8,  -21.297
     9,  -12.606
    10,  -13.052
    11,  -19.823
    12,  -19.909
    13,  -21.285
    14,  -20.390
    15,  -13.706
    16,  -13.913
    17,  -21.114
    18,   -5.263
    19,  -12.815
    20,  -14.135
    21,    1.757
    22,    2.308
    23,   -5.326
    24,  -20.607
    25,  -27.822
    26,  -28.273
    27,  -12.697
    28,  -12.025
    29,  -17.485
    30,  -12.101
    31,  -17.218
    32,  -17.192
    33,  -14.566
    34,  -10.285
    35,  -15.038
    36,   -3.970
    37,   -5.401
    38,   -6.180
    39,    2.619
    40,    1.478
    41,   -3.223
    42,  -22.472
    43,  -24.788
    44,  -28.768
    45,  -13.232
    46,  -19.895
    47,  -23.644
    48,  153.402
    49,  146.115
    50,  152.626
    51,  152.626
    52,  152.626
    53,  152.626
    54, -170.946
    55, -176.004
    56, -176.671
    57, -167.981
    58, -168.444
    59, -172.534
    60,  -10.009
    61,  -11.229
    62,  -11.855
    63,   -3.153
    64,   -4.397
    65,  -10.583
    66,  -26.503
    67,  -33.204
    68,  -34.288
    69,  -18.013
    70,  -17.713
    71,  -26.962
    72,  -17.629
    73,  -17.123
    74,  -24.406
    75,   -8.872
    76,   -8.497
    77,  -16.516
    78,   10.192
    79,  -18.162
    80,   -9.697
    81,  -10.206
    82,  -10.159
    83,  -17.912
    84,    1.579
    85,    1.579
    86,    1.579
    87,    1.579
    88,    1.579
    89,    1.579
    90,    1.579
    91,    1.579
    92,    1.579
    93,    1.579
    94,    1.579
    95,    1.579
    96,   -6.343
    97,  -13.076
    98,  -14.166
    99,   -6.184
   100,    2.939
   101,   -6.711
   102,  -17.336
   103,  -18.085
   104,  -18.786
   105,   -9.426
   106,  -18.950
   107,  -17.517
   108,   -3.005
   109,   -8.647
   110,   -5.741
   111,   -0.283
   112,   -0.936
   113,   -7.788
   114,   -9.804
   115,  -17.387
   116,  -17.121
   117,   -5.323
   118,   -0.345
   119,  -10.124
   120,  -94.340
   121, -100.651
   122, -102.317
   123,  -85.992
   124,  -85.660
   125,  -95.890
   126,  -15.687
   127,  -17.150
   128,  -16.733
   129,  -14.520
   130,   -8.789
   131,  -17.192
   132, -202.207
   133, -206.064
   134, -204.515
   135, -195.561
   136, -195.621
   137, -203.615
   138, -174.430
   139, -181.101
   140, -181.876
   141, -165.210
   142, -165.142
   143, -174.773
   144,    5.848
   145,   -0.509
   146,   -1.158
   147,   14.574
   148,   15.070
   149,    5.532
   150,  -12.399
   151,  -13.607
   152,  -14.181
   153,   -4.832
   154,   -5.204
   155,  -12.969
   156,   -2.397
   157,    0.507
   158,   -3.203
   159,   -3.640
   160,    4.745
   161,   -3.069
   162,   -8.603
   163,  -15.382
   164,   -4.303
   165,   -0.340
   166,    0.685
   167,   -8.838
   168,  -20.643
   169,  -23.565
   170,  -24.624
   171,   -8.723
   172,   -7.414
   173,  -16.699
   174,  -13.604
   175,  -14.324
   176,  -15.199
   177,   -5.558
   178,   -6.143
   179,  -14.289
   180,  -15.940
   181,  -17.006
   182,  -18.013
   183,   -8.550
   184,   -8.998
   185,  -16.906
   186,    9.890
   187,    3.391
   188,    2.339
   189,   17.797
   190,   19.021
   191,    9.249
   192,   -3.569
   193,   -8.799
   194,   -9.664
   195,    6.001
   196,    7.377
   197,   -2.618
   198,  -11.289
   199,   -8.577
   200,  -12.686
   201,   -4.023
   202,   -4.017
   203,  -11.400
   204,  -10.615
   205,  -11.763
   206,  -12.720
   207,   -3.704
   208,   -3.569
   209,  -11.395
   210,  -13.010
   211,  -19.169
   212,  -20.059
   213,  -13.562
   214,   -3.501
   215,  -13.330
