# v1: corrected Richie's PassN/Tracker: TrkDelayPanel 123680-999999
TABLE TrkDelayPanel 124111-124120
   0,   -0.081
   1,   -5.437
   2,    0.665
   3,    6.602
   4,    7.860
   5,   -2.240
   6,  -23.340
   7,  -20.869
   8,  -20.971
   9,  -15.094
  10,  -15.852
  11,  -23.009
  12,  -16.318
  13,  -17.518
  14,  -16.295
  15,  -10.651
  16,  -11.537
  17,  -18.293
  18,   -6.901
  19,  -13.739
  20,  -15.451
  21,   -0.071
  22,   -0.225
  23,   -6.901
  24,  -14.048
  25,  -22.390
  26,  -23.154
  27,   -9.265
  28,  -11.371
  29,  -16.104
  30,  -10.415
  31,  -13.403
  32,  -13.042
  33,  -10.415
  34,   -6.503
  35,  -10.415
  36,   -0.723
  37,   -1.458
  38,   -2.359
  39,    5.721
  40,    5.910
  41,    1.613
  42,  -16.035
  43,  -16.035
  44,  -23.549
  45,  -10.340
  46,  -16.035
  47,  -16.027
  48,  150.954
  49,  140.812
  50,  147.718
  51,  147.718
  52,  147.718
  53,  147.718
  54,-175.508
  55,-177.680
  56,-178.372
  57,-172.338
  58,-172.154
  59,-175.508
  60,  -11.793
  61,   -9.113
  62,   -9.785
  63,    -0.136
  64,    -2.352
  65,  -11.035
  66,  -30.858
  67,  -38.274
  68,  -39.549
  69,  -22.405
  70,  -21.564
  71,  -29.188
  72,  -21.094
  73,  -19.714
  74,  -28.918
  75,  -13.319
  76,  -12.055
  77,  -19.714
  78,      9.380
  79,  -22.828
  80,  -14.072
  81,  -13.196
  82,  -15.512
  83,  -22.082
  84,      2.000
  85,      2.000
  86,      2.000
  87,      2.000
  88,      2.000
  89,      2.000
  90,      2.000
  91,      2.000
  92,      2.000
  93,      2.000
  94,      2.000
  95,      2.000
  96,    -4.224
  97,  -12.236
  98,  -15.598
  99,    -7.043
100,      3.490
101,    -4.044
102,  -18.168
103,  -16.906
104,  -17.594
105,   -7.195
106,  -16.701
107,  -19.524
108,     -3.947
109,    -7.265
110,     -3.947
111,      1.970
112,      0.100
113,    -8.189
114,    -3.674
115,  -13.722
116,   -12.016
117,      2.367
118,     7.685
119,    -3.103
120, -87.866
121, -94.542
122, -98.087
123, -79.300
124, -80.026
125, -89.557
126,   -9.058
127,  -14.922
128,  -15.320
129,  -12.972
130,   -7.490
131,  -18.126
132,-228.605
133,-232.149
134,-227.430
135,-219.167
136,-219.086
137,-228.859
138,-196.639
139,-206.050
140,-196.663
141,-192.144
142,-189.676
143,-207.750
144,  -12.468
145,  -19.382
146,  -22.456
147,    -9.080
148,    -1.744
149,  -11.166
150,  -29.078
151,  -32.795
152,  -33.522
153,  -19.667
154,  -22.582
155,  -37.622
156,   -0.935
157,    3.830
158,    4.049
159,    3.830
160,    13.703
161,   -2.751
162,    2.692
163,  -11.644
164,    0.230
165,    2.794
166,    3.114
167,    1.262
168,  -11.409
169,  -19.775
170,  -21.908
171,   -3.660
172,   -2.578
173,   -8.509
174,  -15.677
175,  -14.394
176,  -14.674
177,   -4.181
178,   -4.163
179,  -18.006
180,  -12.713
181,  -12.410
182,  -12.159
183,   -2.937
184,   -2.868
185,  -14.373
186,    16.942
187,     7.225
188,     6.120
189,    20.921
190,    22.495
191,    15.018
192,     7.376
193,      0.132
194,     -0.400
195,    15.630
196,    15.985
197,     7.029
198,    -2.779
199,      1.025
200,    -2.520
201,      6.877
202,      6.078
203,    -2.659
204,  -21.453
205,  -21.433
206,  -22.147
207,  -13.445
208,  -13.578
209,  -22.601
210,  -27.113
211,  -35.011
212,  -36.040
213,  -28.159
214,  -18.588
215,  -27.827
TABLE TrkDelayPanel 124155-999999
  0,  -0.081
  1,  -5.437
  2,   0.665
  3,   6.602
  4,   7.860
  5,  -2.240
  6, -23.251
  7, -20.781
  8, -20.882
  9, -15.006
 10, -15.764
 11, -22.921
 12, -21.602
 13, -22.803
 14, -21.580
 15, -15.936
 16, -16.822
 17, -23.578
 18,  -6.977
 19, -13.815
 20, -15.526
 21,  -0.147
 22,  -0.301
 23,  -6.977
 24, -19.361
 25, -27.703
 26, -28.466
 27, -14.577
 28, -16.684
 29, -21.416
 30, -16.032
 31, -19.019
 32, -18.658
 33, -16.032
 34, -12.119
 35, -16.032
 36,  -5.853
 37,  -6.589
 38,  -7.490
 39,   0.591
 40,   0.780
 41,  -3.518
 42, -21.835
 43, -21.835
 44, -29.349
 45, -16.141
 46, -21.835
 47, -21.827
 48, 154.003
 49, 143.862
 50, 150.767
 51, 150.767
 52, 150.767
 53, 150.767
 54,-172.805
 55,-174.976
 56,-175.670
 57,-169.636
 58,-169.452
 59,-172.805
 60, -13.938
 61, -11.258
 62, -11.931
 63,  -2.281
 64,  -4.497
 65, -13.180
 66, -28.001
 67, -35.417
 68, -36.693
 69, -19.549
 70, -18.708
 71, -26.332
 72, -18.251
 73, -16.870
 74, -26.074
 75, -10.475
 76,  -9.211
 77, -16.870
 78,  12.194
 79, -20.014
 80, -11.258
 81, -10.382
 82, -12.698
 83, -19.268
 84,   1.000
 85,   1.000
 86,   1.000
 87,   1.000
 88,   1.000
 89,   1.000
 90,   1.000
 91,   1.000
 92,   1.000
 93,   1.000
 94,   1.000
 95,   1.000
 96,  -6.504
 97, -14.516
 98, -17.878
 99,  -9.324
100,   1.210
101,  -6.325
102, -20.479
103, -19.216
104, -19.905
105,  -9.505
106, -19.011
107, -21.835
108,  -6.025
109,  -9.343
110,  -6.025
111,  -0.108
112,  -1.978
113, -10.267
114, -10.752
115, -20.800
116, -19.093
117,  -4.711
118,   0.608
119, -10.181
120, -94.631
121,-101.307
122,-104.852
123, -86.065
124, -86.791
125, -96.322
126, -11.369
127, -17.232
128, -17.631
129, -15.282
130,  -9.800
131, -20.437
132,-205.549
133,-209.092
134,-204.373
135,-196.110
136,-196.029
137,-205.802
138,-173.846
139,-183.257
140,-173.870
141,-169.350
142,-166.883
143,-184.956
144,   5.332
145,  -1.581
146,  -4.655
147,   8.722
148,  16.057
149,   6.635
150, -11.139
151, -14.857
152, -15.583
153,  -1.728
154,  -4.644
155, -19.683
156,  -8.105
157,  -3.340
158,  -3.121
159,  -3.340
160,   6.532
161,  -9.922
162,  -4.736
163, -19.071
164,  -7.197
165,  -4.633
166,  -4.313
167,  -6.165
168, -18.602
169, -26.967
170, -29.100
171, -10.852
172,  -9.770
173, -15.701
174, -17.593
175, -16.310
176, -16.590
177,  -6.097
178,  -6.079
179, -19.921
180, -19.597
181, -19.294
182, -19.044
183,  -9.821
184,  -9.752
185, -21.258
186,   9.983
187,   0.266
188,  -0.839
189,  13.962
190,  15.536
191,   8.059
192,  -4.546
193, -11.789
194, -12.322
195,   3.708
196,   4.064
197,  -4.893
198, -14.878
199, -11.074
200, -14.618
201,  -5.221
202,  -6.020
203, -14.758
204, -13.546
205, -13.525
206, -14.239
207,  -5.537
208,  -5.670
209, -14.693
210, -14.098
211, -21.997
212, -23.025
213, -15.144
214,  -5.574
215, -14.812
