TABLE TrkAlignPlane 0-5000000
    0,     0_0_0,     0.058855,  0.000000,  0.032284, -0.000309,  0.000000,  0.000000
    1,     1_0_0,    -0.058855,  0.000000, -0.032284,  0.000309,  0.000000,  0.000000
    2,     2_0_0,    -0.087750,  0.000000,  0.028837, -0.000342,  0.000000,  0.000000
    3,     3_0_0,     0.087750,  0.000000, -0.028837,  0.000342,  0.000000,  0.000000
    4,     4_0_0,    -0.204905,  0.000000,  0.066840, -0.000283,  0.000000,  0.000000
    5,     5_0_0,     0.204905,  0.000000, -0.066840,  0.000283,  0.000000,  0.000000
    6,     6_0_0,    -0.055381,  0.000000, -0.000692, -0.000300,  0.000000,  0.000000
    7,     7_0_0,     0.055381,  0.000000,  0.000692,  0.000300,  0.000000,  0.000000
    8,     8_0_0,     0.057237,  0.000000,  0.060704, -0.000137,  0.000000,  0.000000
    9,     9_0_0,    -0.057237,  0.000000, -0.060704,  0.000137,  0.000000,  0.000000
   10,    10_0_0,     0.019688,  0.000000,  0.156273, -0.000025,  0.000000,  0.000000
   11,    11_0_0,    -0.019688,  0.000000, -0.156273,  0.000025,  0.000000,  0.000000
   12,    12_0_0,     0.203811,  0.000000,  0.217832, -0.000063,  0.000000,  0.000000
   13,    13_0_0,    -0.203811,  0.000000, -0.217832,  0.000063,  0.000000,  0.000000
   14,    14_0_0,     0.000000,  0.000000,  0.000000,  0.000000,  0.000000,  0.000000
   15,    15_0_0,     0.000000,  0.000000,  0.000000, -0.000000,  0.000000,  0.000000
   16,    16_0_0,    -0.138018,  0.000000,  0.038213, -0.000049,  0.000000,  0.000000
   17,    17_0_0,     0.138018,  0.000000, -0.038213,  0.000049,  0.000000,  0.000000
   18,    18_0_0,     0.042373,  0.000000,  0.095408, -0.000398,  0.000000,  0.000000
   19,    19_0_0,    -0.042373,  0.000000, -0.095408,  0.000398,  0.000000,  0.000000
   20,    20_0_0,     0.137438,  0.000000,  0.068840, -0.000425,  0.000000,  0.000000
   21,    21_0_0,    -0.137438,  0.000000, -0.068840,  0.000425,  0.000000,  0.000000
   22,    22_0_0,     0.186743,  0.000000,  0.133383, -0.000518,  0.000000,  0.000000
   23,    23_0_0,    -0.186743,  0.000000, -0.133383,  0.000518,  0.000000,  0.000000
   24,    24_0_0,     0.060648,  0.000000,  0.122367, -0.000910,  0.000000,  0.000000
   25,    25_0_0,    -0.060648,  0.000000, -0.122367,  0.000910,  0.000000,  0.000000
   26,    26_0_0,    -0.012534,  0.000000,  0.120792, -0.000383,  0.000000,  0.000000
   27,    27_0_0,     0.012534,  0.000000, -0.120792,  0.000383,  0.000000,  0.000000
   28,    28_0_0,     0.025030,  0.000000,  0.200623,  0.000096,  0.000000,  0.000000
   29,    29_0_0,    -0.025030,  0.000000, -0.200623, -0.000096,  0.000000,  0.000000
   30,    30_0_0,     0.089503,  0.000000,  0.188071, -0.000251,  0.000000,  0.000000
   31,    31_0_0,    -0.089503,  0.000000, -0.188071,  0.000251,  0.000000,  0.000000
   32,    32_0_0,     0.093135,  0.000000,  0.136452, -0.000135,  0.000000,  0.000000
   33,    33_0_0,    -0.093135,  0.000000, -0.136452,  0.000135,  0.000000,  0.000000
   34,    34_0_0,     0.017389,  0.000000,  0.089460, -0.000077,  0.000000,  0.000000
   35,    35_0_0,    -0.017389,  0.000000, -0.089460,  0.000077,  0.000000,  0.000000
