TABLE TrkAlignPlane 0-5000000
    0,     0_0_0,     0.058855,  0.000000,  0.000000, -0.000170,  0.000000,  0.000000
    1,     1_0_0,    -0.058855,  0.000000,  0.000000,  0.000170,  0.000000,  0.000000
    2,     2_0_0,    -0.087750,  0.000000,  0.000000, -0.000203,  0.000000,  0.000000
    3,     3_0_0,     0.087750,  0.000000,  0.000000,  0.000203,  0.000000,  0.000000
    4,     4_0_0,    -0.204905,  0.000000,  0.000000, -0.000172,  0.000000,  0.000000
    5,     5_0_0,     0.204905,  0.000000,  0.000000,  0.000172,  0.000000,  0.000000
    6,     6_0_0,    -0.055381,  0.000000,  0.000000, -0.000148,  0.000000,  0.000000
    7,     7_0_0,     0.055381,  0.000000,  0.000000,  0.000148,  0.000000,  0.000000
    8,     8_0_0,     0.057237,  0.000000,  0.000000, -0.000071,  0.000000,  0.000000
    9,     9_0_0,    -0.057237,  0.000000,  0.000000,  0.000071,  0.000000,  0.000000
   10,    10_0_0,     0.019688,  0.000000,  0.000000, -0.000011,  0.000000,  0.000000
   11,    11_0_0,    -0.019688,  0.000000,  0.000000,  0.000011,  0.000000,  0.000000
   12,    12_0_0,     0.203811,  0.000000,  0.000000, -0.000029,  0.000000,  0.000000
   13,    13_0_0,    -0.203811,  0.000000,  0.000000,  0.000029,  0.000000,  0.000000
   14,    14_0_0,     0.000000,  0.000000,  0.000000,  0.000000,  0.000000,  0.000000
   15,    15_0_0,     0.000000,  0.000000,  0.000000, -0.000000,  0.000000,  0.000000
   16,    16_0_0,    -0.138018,  0.000000,  0.000000, -0.000037,  0.000000,  0.000000
   17,    17_0_0,     0.138018,  0.000000,  0.000000,  0.000037,  0.000000,  0.000000
   18,    18_0_0,     0.042373,  0.000000,  0.000000, -0.000248,  0.000000,  0.000000
   19,    19_0_0,    -0.042373,  0.000000,  0.000000,  0.000248,  0.000000,  0.000000
   20,    20_0_0,     0.137438,  0.000000,  0.000000, -0.000280,  0.000000,  0.000000
   21,    21_0_0,    -0.137438,  0.000000,  0.000000,  0.000280,  0.000000,  0.000000
   22,    22_0_0,     0.186743,  0.000000,  0.000000, -0.000333,  0.000000,  0.000000
   23,    23_0_0,    -0.186743,  0.000000,  0.000000,  0.000333,  0.000000,  0.000000
   24,    24_0_0,     0.060648,  0.000000,  0.000000, -0.000522,  0.000000,  0.000000
   25,    25_0_0,    -0.060648,  0.000000,  0.000000,  0.000522,  0.000000,  0.000000
   26,    26_0_0,    -0.012534,  0.000000,  0.000000, -0.000227,  0.000000,  0.000000
   27,    27_0_0,     0.012534,  0.000000,  0.000000,  0.000227,  0.000000,  0.000000
   28,    28_0_0,     0.025030,  0.000000,  0.000000,  0.000028,  0.000000,  0.000000
   29,    29_0_0,    -0.025030,  0.000000,  0.000000, -0.000028,  0.000000,  0.000000
   30,    30_0_0,     0.089503,  0.000000,  0.000000, -0.000134,  0.000000,  0.000000
   31,    31_0_0,    -0.089503,  0.000000,  0.000000,  0.000134,  0.000000,  0.000000
   32,    32_0_0,     0.093135,  0.000000,  0.000000, -0.000089,  0.000000,  0.000000
   33,    33_0_0,    -0.093135,  0.000000,  0.000000,  0.000089,  0.000000,  0.000000
   34,    34_0_0,     0.017389,  0.000000,  0.000000, -0.000049,  0.000000,  0.000000
   35,    35_0_0,    -0.017389,  0.000000,  0.000000,  0.000049,  0.000000,  0.000000
